
0.002040;0.030096;-0.994018;0.001544;-0.023154;-0.004669;-nan;-nan;-nan;-0.764354;0.611533;0.204427;-0.631457;-0.774081;-240525096378864291020800.000000;0.000000;0.000000;0.000000;

0.002000;0.030090;-0.993522;-0.001769;-0.020306;-0.003958;-nan;-nan;-nan;-0.739610;0.641006;0.205155;-0.661813;-0.748099;-0.048488;0.122396;-0.171636;0.977528;

0.001757;0.030311;-0.993509;-0.003348;-0.018719;-0.004891;-nan;-nan;-nan;-0.739402;0.641307;0.204963;-0.662089;-0.747852;-0.048531;0.122159;-0.171587;0.977566;

0.001753;0.030296;-0.993993;-0.003844;-0.019764;-0.006535;-nan;-nan;-nan;-0.739092;0.641696;0.204862;-0.662472;-0.747510;-0.048585;0.121960;-0.171624;0.977584;

0.002240;0.030092;-0.993766;-0.005386;-0.022488;-0.005139;-nan;-nan;-nan;-0.738832;0.641960;0.204973;-0.662784;-0.747220;-0.048786;0.121842;-0.171898;0.977551;

0.001755;0.030100;-0.993762;-0.004442;-0.022561;-0.003263;-nan;-nan;-nan;-0.738674;0.642106;0.205086;-0.662970;-0.747045;-0.048941;0.121783;-0.172117;0.977520;

0.001513;0.029826;-0.993771;-0.001777;-0.021860;-0.003963;-nan;-nan;-nan;-0.738485;0.642305;0.205146;-0.663172;-0.746870;-0.048865;0.121831;-0.172133;0.977511;

0.001270;0.029810;-0.993769;-0.003891;-0.021259;-0.007946;-nan;-nan;-nan;-0.737798;0.643093;0.205148;-0.663973;-0.746156;-0.048896;0.121628;-0.172288;0.977509;

0.002000;0.030102;-0.993522;-0.004514;-0.021559;-0.006073;-nan;-nan;-nan;-0.737495;0.643427;0.205188;-0.664333;-0.745829;-0.049008;0.121502;-0.172456;0.977495;

0.002000;0.029841;-0.993533;-0.003157;-0.020909;-0.005602;-nan;-nan;-nan;-0.737225;0.643742;0.205174;-0.664650;-0.745546;-0.049015;0.121414;-0.172503;0.977498;

0.001755;0.029831;-0.993773;-0.001368;-0.019563;-0.005831;-nan;-nan;-nan;-0.736954;0.644090;0.205053;-0.664962;-0.745276;-0.048873;0.121342;-0.172370;0.977530;

0.001270;0.030316;-0.993747;-0.002939;-0.018660;-0.006296;-nan;-nan;-nan;-0.736667;0.644478;0.204866;-0.665319;-0.744959;-0.048856;0.121130;-0.172292;0.977570;

0.001516;0.030329;-0.993265;-0.002934;-0.018669;-0.006062;-nan;-nan;-nan;-0.736392;0.644852;0.204679;-0.665662;-0.744653;-0.048843;0.120919;-0.172215;0.977610;

0.001759;0.030097;-0.993278;-0.000223;-0.018710;-0.004890;-nan;-nan;-nan;-0.736182;0.645151;0.204490;-0.665905;-0.744450;-0.048629;0.120860;-0.171971;0.977660;

0.001757;0.030088;-0.993520;-0.000661;-0.020515;-0.004192;-nan;-nan;-nan;-0.735992;0.645382;0.204446;-0.666110;-0.744277;-0.048464;0.120887;-0.171853;0.977677;

0.001512;0.030069;-0.993760;-0.003134;-0.020494;-0.004896;-nan;-nan;-nan;-0.735762;0.645657;0.204404;-0.666384;-0.744031;-0.048488;0.120777;-0.171887;0.977685;

0.001512;0.030315;-0.993749;-0.004045;-0.021143;-0.005367;-nan;-nan;-nan;-0.735500;0.645951;0.204417;-0.666695;-0.743746;-0.048579;0.120655;-0.172014;0.977678;

0.002485;0.030079;-0.993526;-0.001795;-0.019149;-0.005127;-nan;-nan;-nan;-0.735272;0.646260;0.204261;-0.666968;-0.743507;-0.048490;0.120532;-0.171889;0.977715;

0.002245;0.030065;-0.993282;-0.001152;-0.018211;-0.006295;-nan;-nan;-nan;-0.734988;0.646654;0.204037;-0.667307;-0.743213;-0.048330;0.120390;-0.171677;0.977769;

0.001755;0.030094;-0.993762;-0.002458;-0.019382;-0.004893;-nan;-nan;-nan;-0.734770;0.646943;0.203907;-0.667573;-0.742976;-0.048301;0.120250;-0.171613;0.977798;

0.001755;0.029840;-0.993773;-0.002901;-0.021028;-0.004430;-nan;-nan;-nan;-0.734560;0.647181;0.203909;-0.667815;-0.742758;-0.048314;0.120187;-0.171663;0.977797;

0.001757;0.030094;-0.993520;-0.003086;-0.019745;-0.003254;-nan;-nan;-nan;-0.734428;0.647363;0.203803;-0.667987;-0.742600;-0.048364;0.120035;-0.171657;0.977817;

0.001759;0.030068;-0.993278;-0.003354;-0.021694;-0.004432;-nan;-nan;-nan;-0.734212;0.647591;0.203861;-0.668234;-0.742375;-0.048414;0.119989;-0.171773;0.977802;

0.002000;0.030067;-0.993522;-0.001804;-0.019655;-0.005362;-nan;-nan;-nan;-0.733964;0.647905;0.203755;-0.668521;-0.742121;-0.048323;0.119902;-0.171682;0.977829;

0.002000;0.030093;-0.993522;-0.001319;-0.018592;-0.004187;-nan;-nan;-nan;-0.733792;0.648162;0.203559;-0.668733;-0.741938;-0.048215;0.119777;-0.171506;0.977875;

0.001512;0.030107;-0.993760;-0.002376;-0.019578;-0.001846;-nan;-nan;-nan;-0.733739;0.648259;0.203438;-0.668812;-0.741866;-0.048232;0.119657;-0.171451;0.977899;

0.001757;0.030310;-0.993509;-0.000188;-0.022419;-0.002792;-nan;-nan;-nan;-0.733607;0.648374;0.203551;-0.668926;-0.741774;-0.048057;0.119829;-0.171416;0.977884;

0.001997;0.030301;-0.993753;0.000443;-0.022582;-0.004198;-nan;-nan;-nan;-0.733395;0.648573;0.203678;-0.669120;-0.741615;-0.047810;0.120043;-0.171349;0.977870;

0.001998;0.030064;-0.993745;0.000198;-0.022101;-0.005135;-nan;-nan;-nan;-0.733135;0.648838;0.203770;-0.669375;-0.741401;-0.047566;0.120212;-0.171271;0.977863;

0.001665;0.030338;-0.993731;-0.000644;-0.019941;-0.003721;-nan;-nan;-nan;-0.732975;0.649046;0.203683;-0.669551;-0.741251;-0.047419;0.120203;-0.171133;0.977888;

0.001665;0.030314;-0.993732;-0.001953;-0.021112;-0.002320;-nan;-nan;-nan;-0.732882;0.649151;0.203686;-0.669655;-0.741158;-0.047402;0.120193;-0.171139;0.977888;

0.001666;0.030057;-0.993737;-0.001058;-0.022006;-0.002088;-nan;-nan;-nan;-0.732792;0.649228;0.203761;-0.669736;-0.741090;-0.047315;0.120287;-0.171138;0.977877;

0.001421;0.030026;-0.993977;-0.001773;-0.020147;-0.004191;-nan;-nan;-nan;-0.732603;0.649462;0.203694;-0.669953;-0.740898;-0.047250;0.120230;-0.171081;0.977894;

0.001180;0.030264;-0.993723;-0.002531;-0.021809;-0.007008;-nan;-nan;-nan;-0.732240;0.649846;0.203775;-0.670350;-0.740543;-0.047201;0.120231;-0.171163;0.977879;

0.001423;0.030301;-0.993725;-0.003204;-0.023374;-0.006780;-nan;-nan;-nan;-0.731875;0.650193;0.203980;-0.670739;-0.740190;-0.047211;0.120287;-0.171370;0.977836;

0.001665;0.030324;-0.993726;-0.004033;-0.022353;-0.004668;-nan;-nan;-nan;-0.731638;0.650425;0.204090;-0.671007;-0.739940;-0.047325;0.120233;-0.171570;0.977808;

0.001666;0.030052;-0.993737;-0.002460;-0.019900;-0.004846;-nan;-nan;-nan;-0.731415;0.650703;0.204002;-0.671270;-0.739702;-0.047304;0.120119;-0.171539;0.977827;

0.001425;0.030073;-0.993493;-0.003996;-0.020617;-0.003677;-nan;-nan;-nan;-0.731250;0.650899;0.203970;-0.671477;-0.739506;-0.047429;0.119966;-0.171643;0.977828;

0.001666;0.030028;-0.993737;-0.006963;-0.021871;-0.005792;-nan;-nan;-nan;-0.730954;0.651208;0.204045;-0.671842;-0.739153;-0.047755;0.119723;-0.171993;0.977796;

0.001423;0.030061;-0.993735;-0.005616;-0.022774;-0.005325;-nan;-nan;-nan;-0.730676;0.651474;0.204194;-0.672165;-0.738845;-0.047978;0.119611;-0.172308;0.977754;

0.001423;0.030313;-0.993725;-0.001553;-0.020742;-0.004144;-nan;-nan;-nan;-0.730484;0.651695;0.204172;-0.672375;-0.738659;-0.047893;0.119602;-0.172266;0.977763;

0.001906;0.030539;-0.993959;0.000005;-0.022523;-0.003915;-nan;-nan;-nan;-0.730288;0.651878;0.204289;-0.672556;-0.738508;-0.047689;0.119782;-0.172223;0.977748;

0.002151;0.030288;-0.993730;0.001989;-0.024496;-0.004390;-nan;-nan;-nan;-0.730047;0.652062;0.204565;-0.672746;-0.738359;-0.047316;0.120189;-0.172163;0.977709;

0.001670;0.030027;-0.993254;-0.000308;-0.023508;-0.006966;-nan;-nan;-nan;-0.729669;0.652420;0.204773;-0.673115;-0.738037;-0.047086;0.120410;-0.172193;0.977676;

0.001423;0.029579;-0.993757;-0.004528;-0.023549;-0.006266;-nan;-nan;-nan;-0.729329;0.652734;0.204981;-0.673485;-0.737692;-0.047206;0.120400;-0.172480;0.977627;

0.001909;0.029585;-0.993761;-0.004488;-0.023162;-0.004859;-nan;-nan;-nan;-0.729073;0.652968;0.205147;-0.673769;-0.737424;-0.047346;0.120365;-0.172740;0.977585;

0.002157;0.030063;-0.993016;-0.001978;-0.017867;-0.003903;-nan;-nan;-nan;-0.728731;0.653438;0.204864;-0.674199;-0.737028;-0.047383;0.120029;-0.172648;0.977643;

0.001915;0.030064;-0.993014;-0.002874;-0.019432;-0.003673;-nan;-nan;-nan;-0.728579;0.653651;0.204726;-0.674394;-0.736848;-0.047416;0.119858;-0.172612;0.977670;

0.002153;0.029820;-0.993510;-0.002639;-0.021015;-0.002976;-nan;-nan;-nan;-0.728450;0.653799;0.204711;-0.674543;-0.736709;-0.047439;0.119797;-0.172644;0.977672;

0.001670;0.029796;-0.993264;-0.000895;-0.020498;-0.004613;-nan;-nan;-nan;-0.728234;0.654055;0.204666;-0.674776;-0.736506;-0.047293;0.119805;-0.172544;0.977689;

0.001426;0.029336;-0.993526;-0.001550;-0.020519;-0.004146;-nan;-nan;-nan;-0.728043;0.654281;0.204622;-0.674986;-0.736319;-0.047205;0.119782;-0.172485;0.977702;

0.001423;0.029579;-0.993757;-0.002658;-0.022327;-0.003448;-nan;-nan;-nan;-0.727873;0.654439;0.204722;-0.675165;-0.736153;-0.047222;0.119803;-0.172592;0.977680;

0.001421;0.029816;-0.993988;-0.002858;-0.020572;-0.002974;-nan;-nan;-nan;-0.727748;0.654592;0.204677;-0.675318;-0.736011;-0.047264;0.119706;-0.172618;0.977688;

0.001666;0.029814;-0.993748;-0.002411;-0.021467;-0.002742;-nan;-nan;-nan;-0.727627;0.654719;0.204702;-0.675451;-0.735888;-0.047274;0.119687;-0.172664;0.977682;

0.001666;0.029797;-0.993748;-0.000431;-0.020970;-0.003912;-nan;-nan;-nan;-0.727445;0.654924;0.204691;-0.675636;-0.735729;-0.047103;0.119748;-0.172562;0.977693;

0.001425;0.029794;-0.993504;-0.003162;-0.021796;-0.005604;-nan;-nan;-nan;-0.727159;0.655221;0.204756;-0.675951;-0.735439;-0.047126;0.119707;-0.172673;0.977678;

0.001180;0.029826;-0.993744;-0.005376;-0.023172;-0.004672;-nan;-nan;-nan;-0.726912;0.655441;0.204930;-0.676231;-0.735167;-0.047344;0.119626;-0.172995;0.977631;

0.001425;0.030076;-0.993493;-0.001983;-0.021888;-0.003260;-nan;-nan;-nan;-0.726758;0.655592;0.204991;-0.676391;-0.735021;-0.047312;0.119655;-0.173039;0.977620;

0.001668;0.030028;-0.993495;-0.000924;-0.020902;-0.005600;-nan;-nan;-nan;-0.726482;0.655901;0.204979;-0.676683;-0.734763;-0.047155;0.119682;-0.172963;0.977630;

0.001665;0.030294;-0.993726;-0.001377;-0.020822;-0.005834;-nan;-nan;-nan;-0.726194;0.656226;0.204962;-0.676993;-0.734485;-0.047033;0.119677;-0.172913;0.977639;

0.001421;0.030035;-0.993977;-0.001625;-0.018991;-0.007234;-nan;-nan;-nan;-0.725844;0.656662;0.204803;-0.677391;-0.734127;-0.046907;0.119550;-0.172779;0.977679;

0.001180;0.030066;-0.993733;-0.001818;-0.017022;-0.006525;-nan;-nan;-nan;-0.725553;0.657083;0.204487;-0.677747;-0.733804;-0.046809;0.119295;-0.172553;0.977750;

0.001182;0.030317;-0.993481;-0.000685;-0.019285;-0.005359;-nan;-nan;-nan;-0.725305;0.657398;0.204351;-0.678022;-0.733560;-0.046644;0.119241;-0.172386;0.977786;

0.001423;0.030070;-0.993735;-0.001104;-0.020222;-0.004191;-nan;-nan;-nan;-0.725114;0.657630;0.204286;-0.678231;-0.733374;-0.046531;0.119218;-0.172293;0.977805;

0.001666;0.029817;-0.993748;-0.002898;-0.023575;-0.003735;-nan;-nan;-nan;-0.724915;0.657786;0.204488;-0.678429;-0.733188;-0.046569;0.119296;-0.172490;0.977761;

0.001421;0.029795;-0.993988;-0.002921;-0.022418;-0.004903;-nan;-nan;-nan;-0.724662;0.658030;0.204602;-0.678699;-0.732937;-0.046589;0.119303;-0.172624;0.977736;

0.001178;0.029808;-0.993986;-0.003371;-0.021966;-0.005136;-nan;-nan;-nan;-0.724399;0.658295;0.204680;-0.678987;-0.732667;-0.046641;0.119259;-0.172762;0.977717;

0.001178;0.029831;-0.994006;-0.002878;-0.021588;-0.003494;-nan;-nan;-nan;-0.724233;0.658464;0.204721;-0.679171;-0.732494;-0.046681;0.119219;-0.172849;0.977706;

0.001510;0.029806;-0.994008;-0.002213;-0.021355;-0.003727;-nan;-nan;-nan;-0.724057;0.658652;0.204742;-0.679362;-0.732318;-0.046663;0.119201;-0.172880;0.977703;

0.001757;0.030320;-0.993504;-0.003573;-0.023123;-0.003967;-nan;-nan;-nan;-0.723851;0.658828;0.204904;-0.679581;-0.732109;-0.046756;0.119208;-0.173093;0.977665;

0.001999;0.030555;-0.993500;-0.002923;-0.023093;-0.004670;-nan;-nan;-nan;-0.723605;0.659048;0.205064;-0.679835;-0.731871;-0.046785;0.119247;-0.173263;0.977630;

0.001514;0.030300;-0.993507;-0.001844;-0.021016;-0.006537;-nan;-nan;-nan;-0.723274;0.659411;0.205065;-0.680191;-0.731546;-0.046692;0.119226;-0.173255;0.977634;

0.001514;0.030327;-0.993507;-0.000057;-0.021908;-0.006305;-nan;-nan;-nan;-0.722947;0.659747;0.205138;-0.680516;-0.731259;-0.046460;0.119357;-0.173188;0.977630;

0.001757;0.030343;-0.993509;-0.002027;-0.022647;-0.004668;-nan;-nan;-nan;-0.722705;0.659973;0.205261;-0.680762;-0.731033;-0.046418;0.119418;-0.173280;0.977606;

0.001510;0.030090;-0.994002;-0.003546;-0.021146;-0.003493;-nan;-nan;-nan;-0.722545;0.660150;0.205259;-0.680952;-0.730850;-0.046515;0.119306;-0.173381;0.977602;

0.001510;0.030082;-0.994002;-0.001968;-0.020941;-0.002974;-nan;-nan;-nan;-0.722416;0.660297;0.205238;-0.681094;-0.730718;-0.046494;0.119272;-0.173375;0.977607;

0.001755;0.030059;-0.993762;-0.003794;-0.021110;-0.004382;-nan;-nan;-nan;-0.722205;0.660529;0.205235;-0.681340;-0.730482;-0.046596;0.119143;-0.173487;0.977603;

0.001517;0.030063;-0.993276;-0.004736;-0.021488;-0.006024;-nan;-nan;-nan;-0.721897;0.660854;0.205272;-0.681694;-0.730143;-0.046745;0.118986;-0.173678;0.977588;

0.001517;0.030063;-0.993276;-0.005451;-0.021645;-0.007665;-nan;-nan;-nan;-0.721494;0.661277;0.205327;-0.682153;-0.729702;-0.046923;0.118799;-0.173919;0.977568;

0.001515;0.029853;-0.993529;-0.004080;-0.021984;-0.006494;-nan;-nan;-nan;-0.721154;0.661623;0.205405;-0.682528;-0.729346;-0.047007;0.118710;-0.174094;0.977548;

0.001272;0.030091;-0.993516;-0.002048;-0.021341;-0.005787;-nan;-nan;-nan;-0.720861;0.661935;0.205429;-0.682840;-0.729059;-0.046940;0.118699;-0.174112;0.977546;

0.001515;0.030078;-0.993518;-0.002063;-0.022663;-0.006026;-nan;-nan;-nan;-0.720541;0.662243;0.205559;-0.683166;-0.728757;-0.046871;0.118763;-0.174203;0.977522;

0.002002;0.030336;-0.993269;-0.003819;-0.021597;-0.005086;-nan;-nan;-nan;-0.720286;0.662510;0.205594;-0.683453;-0.728482;-0.046962;0.118659;-0.174340;0.977510;

0.002000;0.030093;-0.993522;-0.006028;-0.023204;-0.003921;-nan;-nan;-nan;-0.720081;0.662683;0.205754;-0.683692;-0.728240;-0.047249;0.118527;-0.174695;0.977463;

0.001753;0.030062;-0.994004;-0.004709;-0.022720;-0.004856;-nan;-nan;-nan;-0.719828;0.662919;0.205878;-0.683973;-0.727965;-0.047410;0.118443;-0.174942;0.977429;

0.001755;0.030068;-0.993762;-0.003376;-0.020468;-0.005552;-nan;-nan;-nan;-0.719557;0.663231;0.205823;-0.684283;-0.727671;-0.047450;0.118301;-0.174984;0.977438;

0.001268;0.029836;-0.994030;-0.005790;-0.019191;-0.004377;-nan;-nan;-nan;-0.719176;0.663787;0.205361;-0.684792;-0.727176;-0.047700;0.117671;-0.174935;0.977523;

0.001847;0.029611;-0.993561;-0.002061;-0.020426;-0.006489;-nan;-nan;-nan;-0.718547;0.664488;0.205297;-0.685501;-0.726501;-0.047802;0.117384;-0.175079;0.977532;

0.001607;0.029635;-0.993323;-0.003142;-0.019810;-0.005316;-nan;-nan;-nan;-0.718293;0.664793;0.205194;-0.685794;-0.726223;-0.047821;0.117226;-0.175071;0.977552;

0.001849;0.029892;-0.993314;-0.005097;-0.021242;-0.002978;-nan;-nan;-nan;-0.718160;0.664937;0.205197;-0.685965;-0.726047;-0.048040;0.117039;-0.175259;0.977541;

0.001604;0.029828;-0.993554;-0.002271;-0.022461;-0.005557;-nan;-nan;-nan;-0.717867;0.665217;0.205310;-0.686263;-0.725769;-0.047984;0.117088;-0.175343;0.977520;

0.001847;0.029883;-0.993556;-0.002026;-0.019808;-0.005315;-nan;-nan;-nan;-0.717240;0.665920;0.205226;-0.686938;-0.725141;-0.047816;0.116976;-0.175274;0.977546;

0.001117;0.030062;-0.993781;-0.002532;-0.020165;-0.007472;-nan;-nan;-nan;-0.716480;0.666823;0.204945;-0.687791;-0.724338;-0.047738;0.116617;-0.175162;0.977609;

0.001355;0.030099;-0.994267;-0.001856;-0.020396;-0.007239;-nan;-nan;-nan;-0.716110;0.667234;0.204901;-0.688185;-0.723971;-0.047625;0.116565;-0.175114;0.977624;

0.001600;0.030098;-0.994027;-0.002083;-0.020767;-0.007240;-nan;-nan;-nan;-0.715737;0.667640;0.204885;-0.688581;-0.723600;-0.047531;0.116521;-0.175099;0.977631;

0.001361;0.030116;-0.993541;-0.002070;-0.022579;-0.006308;-nan;-nan;-nan;-0.715398;0.667963;0.205015;-0.688921;-0.723281;-0.047453;0.116587;-0.175187;0.977608;

0.001604;0.029875;-0.993554;-0.001817;-0.023071;-0.005139;-nan;-nan;-nan;-0.715122;0.668208;0.205177;-0.689190;-0.723031;-0.047373;0.116694;-0.175283;0.977578;

0.001604;0.030109;-0.993543;-0.002260;-0.024422;-0.004674;-nan;-nan;-nan;-0.714861;0.668406;0.205445;-0.689434;-0.722800;-0.047339;0.116854;-0.175481;0.977523;

0.001604;0.030109;-0.993543;-0.002015;-0.022887;-0.004200;-nan;-nan;-nan;-0.714641;0.668598;0.205584;-0.689648;-0.722598;-0.047294;0.116934;-0.175579;0.977496;

0.001847;0.030096;-0.993545;-0.001815;-0.022627;-0.005137;-nan;-nan;-nan;-0.714124;0.669071;0.205843;-0.690160;-0.722117;-0.047183;0.117074;-0.175759;0.977447;

0.001604;0.030094;-0.993543;-0.001830;-0.021932;-0.005838;-nan;-nan;-nan;-0.713819;0.669375;0.205909;-0.690470;-0.721827;-0.047096;0.117106;-0.175792;0.977437;

0.001364;0.030102;-0.993280;-0.002069;-0.022357;-0.006308;-nan;-nan;-nan;-0.713483;0.669702;0.206013;-0.690809;-0.721506;-0.047021;0.117150;-0.175864;0.977419;

0.001272;0.030093;-0.993521;-0.002539;-0.022099;-0.007244;-nan;-nan;-nan;-0.713096;0.670088;0.206099;-0.691209;-0.721127;-0.046968;0.117150;-0.175950;0.977403;

0.001270;0.030088;-0.993764;-0.002297;-0.022349;-0.006542;-nan;-nan;-nan;-0.712746;0.670428;0.206201;-0.691565;-0.720790;-0.046908;0.117179;-0.176035;0.977385;

0.001757;0.029863;-0.993531;-0.002675;-0.020439;-0.004428;-nan;-nan;-nan;-0.712537;0.670670;0.206136;-0.691799;-0.720565;-0.046914;0.117071;-0.176032;0.977398;

0.001515;0.029841;-0.993529;-0.004659;-0.021601;-0.003261;-nan;-nan;-nan;-0.712215;0.670991;0.206207;-0.692171;-0.720188;-0.047208;0.116832;-0.176353;0.977369;

0.001757;0.030314;-0.993509;-0.001786;-0.024016;-0.003735;-nan;-nan;-nan;-0.711864;0.671266;0.206526;-0.692512;-0.719857;-0.047253;0.116949;-0.176659;0.977300;

0.001759;0.030299;-0.993267;-0.001611;-0.022599;-0.005791;-nan;-nan;-nan;-0.711556;0.671557;0.206638;-0.692815;-0.719572;-0.047150;0.117027;-0.176712;0.977281;

0.001276;0.030070;-0.993032;-0.001196;-0.021430;-0.007193;-nan;-nan;-nan;-0.711177;0.671950;0.206666;-0.693198;-0.719214;-0.046988;0.117063;-0.176677;0.977283;

0.001027;0.030317;-0.993745;-0.001660;-0.022523;-0.007665;-nan;-nan;-nan;-0.710761;0.672354;0.206783;-0.693613;-0.718822;-0.046859;0.117135;-0.176733;0.977264;

0.001270;0.029824;-0.993769;-0.002805;-0.023376;-0.008607;-nan;-nan;-nan;-0.710281;0.672803;0.206971;-0.694095;-0.718361;-0.046803;0.117190;-0.176900;0.977227;

0.001517;0.030128;-0.993276;-0.001816;-0.022922;-0.005089;-nan;-nan;-nan;-0.710010;0.673048;0.207105;-0.694358;-0.718111;-0.046731;0.117272;-0.176984;0.977202;

0.001274;0.029830;-0.993285;-0.002651;-0.020772;-0.003443;-nan;-nan;-nan;-0.709764;0.673363;0.206923;-0.694627;-0.717860;-0.046593;0.117168;-0.176804;0.977247;

0.001510;0.030063;-0.994002;-0.006055;-0.018681;-0.006016;-nan;-nan;-nan;-0.709233;0.674009;0.206640;-0.695289;-0.717186;-0.047095;0.116457;-0.177076;0.977283;

0.001268;0.030065;-0.994000;-0.003626;-0.018858;-0.006952;-nan;-nan;-nan;-0.708892;0.674424;0.206457;-0.695679;-0.716804;-0.047134;0.116201;-0.177041;0.977320;

0.001513;0.029844;-0.993771;-0.004504;-0.019554;-0.006252;-nan;-nan;-nan;-0.708584;0.674787;0.206327;-0.696037;-0.716449;-0.047254;0.115937;-0.177095;0.977341;

0.001760;0.029860;-0.993289;-0.003359;-0.021836;-0.004619;-nan;-nan;-nan;-0.708349;0.675019;0.206375;-0.696287;-0.716203;-0.047309;0.115872;-0.177207;0.977329;

0.001404;0.030072;-0.993788;-0.002676;-0.021854;-0.004149;-nan;-nan;-nan;-0.707963;0.675400;0.206454;-0.696689;-0.715810;-0.047333;0.115813;-0.177344;0.977311;

0.001647;0.030106;-0.993789;-0.003357;-0.021615;-0.004617;-nan;-nan;-nan;-0.707730;0.675635;0.206483;-0.696938;-0.715564;-0.047389;0.115734;-0.177444;0.977302;

0.001892;0.029880;-0.993568;-0.004905;-0.022314;-0.003918;-nan;-nan;-nan;-0.707532;0.675818;0.206564;-0.697161;-0.715334;-0.047579;0.115608;-0.177672;0.977276;

0.001407;0.029373;-0.993586;-0.005153;-0.021379;-0.005088;-nan;-nan;-nan;-0.707273;0.676085;0.206578;-0.697455;-0.715035;-0.047763;0.115418;-0.177860;0.977264;

0.001891;0.030119;-0.993557;-0.003606;-0.020458;-0.005786;-nan;-nan;-nan;-0.706655;0.676739;0.206549;-0.698127;-0.714371;-0.047892;0.115142;-0.178041;0.977263;

0.001889;0.030128;-0.993799;-0.004701;-0.023404;-0.004390;-nan;-nan;-nan;-0.706419;0.676934;0.206719;-0.698374;-0.714118;-0.048056;0.115092;-0.178315;0.977219;

0.001647;0.029868;-0.993808;-0.001119;-0.021617;-0.004431;-nan;-nan;-nan;-0.706197;0.677157;0.206746;-0.698590;-0.713916;-0.047926;0.115146;-0.178276;0.977220;

0.001894;0.029853;-0.993326;-0.000250;-0.017996;-0.006060;-nan;-nan;-nan;-0.705915;0.677531;0.206485;-0.698893;-0.713634;-0.047698;0.115038;-0.177982;0.977286;

0.001649;0.029620;-0.993577;0.000625;-0.022220;-0.005839;-nan;-nan;-nan;-0.705371;0.678139;0.206348;-0.699408;-0.713171;-0.047073;0.115240;-0.177525;0.977346;

0.001407;0.029645;-0.993575;-0.001134;-0.023160;-0.004670;-nan;-nan;-nan;-0.705119;0.678353;0.206505;-0.699638;-0.712953;-0.046946;0.115383;-0.177582;0.977319;

0.001406;0.030131;-0.993553;-0.003766;-0.020330;-0.003490;-nan;-nan;-nan;-0.704963;0.678538;0.206428;-0.699825;-0.712763;-0.047058;0.115204;-0.177638;0.977329;

0.001404;0.030098;-0.993795;-0.003792;-0.019617;-0.004659;-nan;-nan;-nan;-0.704746;0.678804;0.206299;-0.700080;-0.712506;-0.047150;0.114983;-0.177654;0.977352;

0.001887;0.030087;-0.994041;-0.003832;-0.018886;-0.006298;-nan;-nan;-nan;-0.704440;0.679177;0.206113;-0.700431;-0.712156;-0.047216;0.114716;-0.177629;0.977388;

0.002132;0.030115;-0.993801;-0.004272;-0.020015;-0.005834;-nan;-nan;-nan;-0.704151;0.679507;0.206016;-0.700760;-0.711826;-0.047326;0.114489;-0.177693;0.977403;

0.002134;0.030136;-0.993559;-0.003775;-0.019868;-0.003958;-nan;-nan;-nan;-0.703972;0.679726;0.205902;-0.700973;-0.711609;-0.047428;0.114284;-0.177719;0.977423;

0.001644;0.030346;-0.994028;-0.003576;-0.022068;-0.004432;-nan;-nan;-nan;-0.703744;0.679941;0.205971;-0.701211;-0.711369;-0.047506;0.114221;-0.177861;0.977404;

0.001646;0.030346;-0.993786;-0.002244;-0.020038;-0.005128;-nan;-nan;-nan;-0.703495;0.680227;0.205879;-0.701478;-0.711109;-0.047463;0.114117;-0.177810;0.977426;

0.001893;0.030350;-0.993324;-0.006055;-0.019131;-0.005831;-nan;-nan;-nan;-0.703213;0.680568;0.205716;-0.701823;-0.710752;-0.047717;0.113738;-0.177932;0.977448;

0.001983;0.029872;-0.993347;-0.004943;-0.020016;-0.005834;-nan;-nan;-nan;-0.702922;0.680896;0.205625;-0.702156;-0.710412;-0.047876;0.113480;-0.178034;0.977459;

0.001985;0.029934;-0.993104;-0.001964;-0.019900;-0.003020;-nan;-nan;-nan;-0.702797;0.681058;0.205515;-0.702296;-0.710276;-0.047841;0.113390;-0.177955;0.977484;

0.001741;0.029900;-0.993349;-0.002414;-0.021686;-0.002791;-nan;-nan;-nan;-0.702667;0.681181;0.205551;-0.702427;-0.710146;-0.047846;0.113379;-0.178004;0.977476;

0.001498;0.030136;-0.993336;-0.003312;-0.020338;-0.003255;-nan;-nan;-nan;-0.702523;0.681350;0.205481;-0.702594;-0.709976;-0.047918;0.113238;-0.178033;0.977487;

0.001743;0.029882;-0.993107;-0.003800;-0.020726;-0.004664;-nan;-nan;-nan;-0.702293;0.681598;0.205448;-0.702847;-0.709719;-0.048002;0.113092;-0.178110;0.977490;

0.001740;0.030125;-0.993338;-0.004064;-0.022232;-0.005840;-nan;-nan;-nan;-0.701980;0.681892;0.205540;-0.703172;-0.709392;-0.048089;0.113017;-0.178287;0.977466;

0.001738;0.030140;-0.993580;-0.004729;-0.022688;-0.005607;-nan;-nan;-nan;-0.701677;0.682166;0.205667;-0.703489;-0.709067;-0.048233;0.112929;-0.178529;0.977433;

0.001738;0.029883;-0.993591;-0.003627;-0.021096;-0.006491;-nan;-nan;-nan;-0.701336;0.682516;0.205669;-0.703847;-0.708710;-0.048269;0.112815;-0.178612;0.977431;

0.001496;0.030132;-0.993578;-0.002734;-0.019077;-0.006952;-nan;-nan;-nan;-0.700987;0.682923;0.205510;-0.704224;-0.708338;-0.048227;0.112635;-0.178532;0.977466;

0.001740;0.030386;-0.993327;-0.002277;-0.017975;-0.006714;-nan;-nan;-nan;-0.700662;0.683330;0.205262;-0.704582;-0.707987;-0.048155;0.112417;-0.178365;0.977522;

0.001496;0.030177;-0.993578;-0.001090;-0.020315;-0.003674;-nan;-nan;-nan;-0.700493;0.683524;0.205194;-0.704751;-0.707826;-0.048038;0.112406;-0.178262;0.977542;

0.001253;0.029917;-0.993587;0.000077;-0.019491;-0.002031;-nan;-nan;-nan;-0.700428;0.683632;0.205056;-0.704814;-0.707776;-0.047854;0.112419;-0.178044;0.977580;

0.001496;0.029646;-0.993600;-0.000620;-0.021915;-0.002509;-nan;-nan;-nan;-0.700311;0.683734;0.205114;-0.704912;-0.707688;-0.047717;0.112532;-0.178004;0.977574;

0.001736;0.029865;-0.993833;-0.000236;-0.022717;-0.004620;-nan;-nan;-nan;-0.700064;0.683948;0.205243;-0.705129;-0.707485;-0.047515;0.112709;-0.177986;0.977557;

0.001494;0.029664;-0.993842;-0.001999;-0.024322;-0.003454;-nan;-nan;-nan;-0.699870;0.684071;0.205498;-0.705295;-0.707322;-0.047476;0.112876;-0.178163;0.977505;

0.001496;0.029884;-0.993589;-0.003137;-0.023177;-0.004388;-nan;-nan;-nan;-0.699632;0.684265;0.205662;-0.705526;-0.707090;-0.047515;0.112909;-0.178343;0.977469;

0.001983;0.030148;-0.993340;-0.004450;-0.021656;-0.003681;-nan;-nan;-nan;-0.699451;0.684440;0.205695;-0.705728;-0.706877;-0.047674;0.112771;-0.178510;0.977454;

0.001983;0.030373;-0.993329;-0.002919;-0.023620;-0.004389;-nan;-nan;-nan;-0.699210;0.684628;0.205890;-0.705956;-0.706648;-0.047698;0.112836;-0.178700;0.977412;

0.001493;0.030124;-0.993820;-0.003154;-0.021808;-0.005321;-nan;-nan;-nan;-0.698930;0.684897;0.205943;-0.706241;-0.706362;-0.047722;0.112786;-0.178800;0.977400;

0.001739;0.030134;-0.993551;-0.006279;-0.020475;-0.005553;-nan;-nan;-nan;-0.698649;0.685200;0.205888;-0.706568;-0.706016;-0.047995;0.112474;-0.179006;0.977398;

0.001604;0.030369;-0.993539;-0.006305;-0.020437;-0.006489;-nan;-nan;-nan;-0.698314;0.685558;0.205835;-0.706950;-0.705616;-0.048254;0.112160;-0.179212;0.977396;

0.001359;0.030122;-0.993791;-0.003353;-0.020052;-0.004846;-nan;-nan;-nan;-0.698078;0.685824;0.205747;-0.707208;-0.705354;-0.048298;0.112001;-0.179222;0.977413;

0.001360;0.029864;-0.993794;-0.002009;-0.021399;-0.004382;-nan;-nan;-nan;-0.697857;0.686044;0.205767;-0.707426;-0.705139;-0.048239;0.112000;-0.179229;0.977412;

0.001604;0.029854;-0.993554;-0.001796;-0.020935;-0.004849;-nan;-nan;-nan;-0.697612;0.686298;0.205748;-0.707670;-0.704900;-0.048155;0.111983;-0.179196;0.977419;

0.001604;0.029852;-0.993554;-0.001140;-0.020017;-0.005549;-nan;-nan;-nan;-0.697335;0.686606;0.205659;-0.707948;-0.704631;-0.048007;0.111952;-0.179073;0.977445;

0.001604;0.029611;-0.993565;-0.000938;-0.021551;-0.006023;-nan;-nan;-nan;-0.697015;0.686920;0.205696;-0.708252;-0.704337;-0.047834;0.112022;-0.179026;0.977446;

0.001607;0.029629;-0.993323;-0.002043;-0.022692;-0.005324;-nan;-nan;-nan;-0.696726;0.687176;0.205823;-0.708526;-0.704067;-0.047764;0.112091;-0.179109;0.977423;

0.001604;0.030094;-0.993543;-0.003175;-0.021777;-0.006072;-nan;-nan;-nan;-0.696401;0.687488;0.205877;-0.708853;-0.703736;-0.047776;0.112037;-0.179208;0.977411;

0.001357;0.030114;-0.994025;-0.003799;-0.019830;-0.004894;-nan;-nan;-nan;-0.696164;0.687761;0.205770;-0.709118;-0.703463;-0.047859;0.111836;-0.179233;0.977429;

0.001117;0.030097;-0.993781;-0.002480;-0.020916;-0.005365;-nan;-nan;-nan;-0.695888;0.688044;0.205756;-0.709398;-0.703183;-0.047827;0.111777;-0.179245;0.977434;

0.001604;0.030088;-0.993543;-0.000730;-0.021529;-0.006539;-nan;-nan;-nan;-0.695538;0.688387;0.205792;-0.709729;-0.702862;-0.047634;0.111853;-0.179188;0.977436;

0.001364;0.030143;-0.993299;-0.001547;-0.021423;-0.003726;-nan;-nan;-nan;-0.695355;0.688566;0.205811;-0.709905;-0.702690;-0.047557;0.111875;-0.179175;0.977435;

0.001362;0.029876;-0.993552;-0.003519;-0.020811;-0.002554;-nan;-nan;-nan;-0.695246;0.688687;0.205775;-0.710032;-0.702555;-0.047657;0.111748;-0.179241;0.977438;

0.001604;0.029819;-0.993554;-0.005398;-0.021349;-0.005838;-nan;-nan;-nan;-0.694938;0.688992;0.205795;-0.710366;-0.702204;-0.047852;0.111540;-0.179443;0.977425;

0.001117;0.030088;-0.993781;-0.005882;-0.022412;-0.007012;-nan;-nan;-nan;-0.694550;0.689349;0.205908;-0.710772;-0.701778;-0.048066;0.111367;-0.179738;0.977390;

0.001359;0.030371;-0.993772;-0.004700;-0.021163;-0.004898;-nan;-nan;-nan;-0.694300;0.689601;0.205908;-0.711045;-0.701491;-0.048222;0.111189;-0.179890;0.977382;

0.001849;0.029871;-0.993314;-0.002440;-0.019632;-0.004191;-nan;-nan;-nan;-0.694106;0.689835;0.205780;-0.711255;-0.701280;-0.048202;0.111058;-0.179819;0.977410;

0.001849;0.029865;-0.993314;-0.004003;-0.020755;-0.003961;-nan;-nan;-nan;-0.693914;0.690039;0.205742;-0.711466;-0.701058;-0.048312;0.110900;-0.179903;0.977413;

0.001606;0.029845;-0.993312;-0.004053;-0.022695;-0.005373;-nan;-nan;-nan;-0.693621;0.690295;0.205869;-0.711759;-0.700754;-0.048401;0.110852;-0.180101;0.977382;

0.001607;0.029855;-0.993292;-0.002969;-0.024882;-0.006083;-nan;-nan;-nan;-0.693266;0.690561;0.206174;-0.712083;-0.700425;-0.048389;0.110994;-0.180360;0.977318;

0.001272;0.030117;-0.993521;-0.001160;-0.025360;-0.005145;-nan;-nan;-nan;-0.692962;0.690764;0.206514;-0.712336;-0.700178;-0.048250;0.111267;-0.180543;0.977253;

0.001025;0.030101;-0.994004;-0.002660;-0.023666;-0.003265;-nan;-nan;-nan;-0.692785;0.690884;0.206708;-0.712495;-0.700015;-0.048265;0.111353;-0.180715;0.977212;

0.001274;0.030058;-0.993274;-0.003618;-0.021333;-0.006071;-nan;-nan;-nan;-0.692247;0.691367;0.206896;-0.713033;-0.699458;-0.048399;0.111254;-0.181028;0.977165;

0.001513;0.029841;-0.993771;-0.004497;-0.021578;-0.005604;-nan;-nan;-nan;-0.691951;0.691655;0.206924;-0.713343;-0.699133;-0.048519;0.111110;-0.181180;0.977153;

0.001760;0.029597;-0.993300;-0.002930;-0.020685;-0.005601;-nan;-nan;-nan;-0.691663;0.691956;0.206879;-0.713638;-0.698833;-0.048509;0.111008;-0.181188;0.977163;

0.001517;0.029841;-0.993287;-0.002256;-0.019796;-0.005597;-nan;-nan;-nan;-0.691384;0.692270;0.206763;-0.713927;-0.698543;-0.048446;0.110895;-0.181109;0.977191;

0.001517;0.030098;-0.993276;-0.001774;-0.019176;-0.004423;-nan;-nan;-nan;-0.691180;0.692524;0.206595;-0.714143;-0.698327;-0.048368;0.110774;-0.180969;0.977230;

0.001272;0.029579;-0.993538;-0.001363;-0.019118;-0.005829;-nan;-nan;-nan;-0.690891;0.692861;0.206429;-0.714436;-0.698036;-0.048229;0.110679;-0.180802;0.977272;

0.001270;0.029582;-0.993780;-0.002968;-0.021970;-0.006777;-nan;-nan;-nan;-0.690520;0.693210;0.206499;-0.714800;-0.697666;-0.048204;0.110652;-0.180892;0.977259;

0.001515;0.029870;-0.993529;-0.002904;-0.022740;-0.004201;-nan;-nan;-nan;-0.690296;0.693398;0.206619;-0.715013;-0.697446;-0.048221;0.110669;-0.181022;0.977232;

0.001517;0.029631;-0.993298;-0.001921;-0.019513;-0.001613;-nan;-nan;-nan;-0.690255;0.693483;0.206467;-0.715069;-0.697390;-0.048202;0.110561;-0.180910;0.977265;

0.001517;0.029826;-0.993287;-0.000168;-0.019461;-0.002783;-nan;-nan;-nan;-0.690145;0.693637;0.206317;-0.715177;-0.697292;-0.048021;0.110554;-0.180695;0.977306;

0.001274;0.029815;-0.993285;0.000444;-0.019595;-0.004892;-nan;-nan;-nan;-0.689908;0.693911;0.206189;-0.715400;-0.697082;-0.047757;0.110591;-0.180456;0.977346;

0.001519;0.030098;-0.993034;-0.000219;-0.022298;-0.003963;-nan;-nan;-nan;-0.689702;0.694091;0.206275;-0.715575;-0.696914;-0.047568;0.110740;-0.180413;0.977337;

0.001512;0.030081;-0.993760;-0.002452;-0.023424;-0.003734;-nan;-nan;-nan;-0.689499;0.694240;0.206450;-0.715759;-0.696726;-0.047563;0.110819;-0.180563;0.977300;

0.001270;0.030076;-0.993758;-0.002656;-0.019199;-0.003954;-nan;-nan;-nan;-0.689321;0.694466;0.206284;-0.715957;-0.696522;-0.047571;0.110645;-0.180482;0.977335;

0.001027;0.029864;-0.993767;-0.002824;-0.019729;-0.001847;-nan;-nan;-nan;-0.689264;0.694561;0.206157;-0.716035;-0.696438;-0.047627;0.110495;-0.180443;0.977359;

0.001270;0.029591;-0.993780;-0.003949;-0.020166;-0.002084;-nan;-nan;-nan;-0.689188;0.694663;0.206064;-0.716137;-0.696323;-0.047767;0.110305;-0.180491;0.977372;

0.001270;0.029584;-0.993790;-0.003080;-0.021023;-0.002790;-nan;-nan;-nan;-0.689062;0.694794;0.206045;-0.716272;-0.696181;-0.047824;0.110217;-0.180538;0.977373;

0.001804;0.029860;-0.993299;-0.002140;-0.020199;-0.001146;-nan;-nan;-nan;-0.689043;0.694842;0.205949;-0.716303;-0.696148;-0.047835;0.110133;-0.180482;0.977393;

0.001561;0.030077;-0.993286;-0.002183;-0.020807;-0.002553;-nan;-nan;-nan;-0.688934;0.694961;0.205910;-0.716416;-0.696032;-0.047827;0.110083;-0.180467;0.977401;

0.001317;0.030055;-0.993529;-0.003157;-0.020686;-0.005600;-nan;-nan;-nan;-0.688644;0.695259;0.205876;-0.716713;-0.695725;-0.047845;0.109969;-0.180502;0.977408;

0.001312;0.030108;-0.994012;-0.003340;-0.021642;-0.003962;-nan;-nan;-nan;-0.688442;0.695447;0.205912;-0.716917;-0.695511;-0.047906;0.109898;-0.180602;0.977397;

0.001557;0.030069;-0.993773;-0.003825;-0.020467;-0.005600;-nan;-nan;-nan;-0.688154;0.695749;0.205858;-0.717219;-0.695194;-0.047978;0.109731;-0.180661;0.977405;

0.001557;0.030074;-0.993773;-0.001842;-0.019526;-0.006768;-nan;-nan;-nan;-0.687805;0.696131;0.205733;-0.717569;-0.694840;-0.047869;0.109628;-0.180552;0.977437;

0.001072;0.029869;-0.993779;0.001094;-0.021582;-0.005132;-nan;-nan;-nan;-0.687534;0.696387;0.205772;-0.717800;-0.694624;-0.047550;0.109821;-0.180395;0.977444;

0.001072;0.030083;-0.993769;-0.001387;-0.022671;-0.005791;-nan;-nan;-nan;-0.687213;0.696665;0.205901;-0.718091;-0.694332;-0.047424;0.109925;-0.180446;0.977423;

0.000829;0.030090;-0.993767;-0.002726;-0.021556;-0.006022;-nan;-nan;-nan;-0.686889;0.696973;0.205942;-0.718407;-0.694005;-0.047404;0.109885;-0.180512;0.977415;

0.001072;0.029878;-0.993779;-0.001320;-0.021204;-0.003677;-nan;-nan;-nan;-0.686708;0.697151;0.205943;-0.718577;-0.693837;-0.047309;0.109909;-0.180474;0.977420;

0.001315;0.029859;-0.993781;-0.001299;-0.021908;-0.002743;-nan;-nan;-nan;-0.686576;0.697265;0.205996;-0.718692;-0.693722;-0.047229;0.109973;-0.180474;0.977413;

0.001315;0.029827;-0.993781;-0.004461;-0.020518;-0.004380;-nan;-nan;-nan;-0.686359;0.697495;0.205942;-0.718931;-0.693465;-0.047376;0.109769;-0.180575;0.977417;

0.001315;0.029856;-0.993781;-0.002875;-0.019877;-0.003674;-nan;-nan;-nan;-0.686191;0.697692;0.205834;-0.719114;-0.693273;-0.047407;0.109624;-0.180548;0.977438;

0.001317;0.029596;-0.993550;-0.000655;-0.017835;-0.004605;-nan;-nan;-nan;-0.685984;0.697974;0.205566;-0.719330;-0.693060;-0.047240;0.109497;-0.180275;0.977503;

0.001562;0.029831;-0.993300;-0.000494;-0.020430;-0.006253;-nan;-nan;-nan;-0.685656;0.698312;0.205514;-0.719639;-0.692753;-0.047035;0.109526;-0.180146;0.977523;

0.001559;0.030116;-0.993531;0.001110;-0.022278;-0.004383;-nan;-nan;-nan;-0.685423;0.698514;0.205605;-0.719826;-0.692579;-0.046737;0.109751;-0.180034;0.977518;

0.001315;0.029848;-0.993781;0.000221;-0.021837;-0.004382;-nan;-nan;-nan;-0.685194;0.698723;0.205660;-0.720022;-0.692391;-0.046511;0.109899;-0.179949;0.977518;

0.001317;0.029602;-0.993550;-0.003146;-0.022714;-0.004856;-nan;-nan;-nan;-0.684927;0.698946;0.205788;-0.720276;-0.692124;-0.046548;0.109897;-0.180106;0.977489;

0.001315;0.029590;-0.993792;-0.004072;-0.023113;-0.006029;-nan;-nan;-nan;-0.684587;0.699232;0.205952;-0.720605;-0.691775;-0.046639;0.109861;-0.180339;0.977450;

0.001313;0.029851;-0.993994;-0.003154;-0.021133;-0.005553;-nan;-nan;-nan;-0.684293;0.699519;0.205952;-0.720898;-0.691468;-0.046666;0.109765;-0.180404;0.977449;

0.000938;0.030111;-0.993738;-0.004230;-0.020527;-0.004145;-nan;-nan;-nan;-0.684090;0.699733;0.205901;-0.721121;-0.691226;-0.046806;0.109572;-0.180499;0.977453;

0.001180;0.030290;-0.993731;-0.006033;-0.020059;-0.004847;-nan;-nan;-nan;-0.683848;0.699995;0.205814;-0.721400;-0.690917;-0.047080;0.109244;-0.180670;0.977458;

0.000937;0.030321;-0.993721;-0.003094;-0.021449;-0.003209;-nan;-nan;-nan;-0.683693;0.700140;0.205835;-0.721558;-0.690748;-0.047143;0.109173;-0.180753;0.977451;

0.001423;0.030049;-0.993735;-0.000425;-0.020980;-0.003676;-nan;-nan;-nan;-0.683514;0.700320;0.205816;-0.721718;-0.690591;-0.046979;0.109234;-0.180652;0.977462;

0.001423;0.029792;-0.993746;0.000650;-0.020466;-0.005315;-nan;-nan;-nan;-0.683240;0.700603;0.205762;-0.721962;-0.690355;-0.046700;0.109331;-0.180460;0.977487;

0.000938;0.030040;-0.993731;-0.004995;-0.022623;-0.007199;-nan;-nan;-nan;-0.682272;0.701432;0.206150;-0.722851;-0.689437;-0.046507;0.109507;-0.180746;0.977415;

0.001180;0.030072;-0.993733;-0.004285;-0.021116;-0.006022;-nan;-nan;-nan;-0.681949;0.701745;0.206151;-0.723180;-0.689084;-0.046620;0.109340;-0.180877;0.977409;

0.001426;0.029590;-0.993515;-0.002907;-0.021170;-0.004617;-nan;-nan;-nan;-0.681711;0.701978;0.206148;-0.723417;-0.688834;-0.046641;0.109261;-0.180927;0.977408;

0.001423;0.029813;-0.993746;-0.003121;-0.019617;-0.004611;-nan;-nan;-nan;-0.681487;0.702233;0.206020;-0.723655;-0.688582;-0.046681;0.109081;-0.180900;0.977434;

0.001425;0.030064;-0.993493;-0.003565;-0.021190;-0.004147;-nan;-nan;-nan;-0.681277;0.702437;0.206019;-0.723870;-0.688349;-0.046767;0.108962;-0.180992;0.977430;

0.001185;0.029793;-0.993260;-0.003177;-0.021324;-0.006257;-nan;-nan;-nan;-0.680938;0.702760;0.206039;-0.724202;-0.687999;-0.046782;0.108878;-0.181070;0.977425;

0.001183;0.029823;-0.993502;-0.003170;-0.022454;-0.005792;-nan;-nan;-nan;-0.680617;0.703039;0.206148;-0.724507;-0.687676;-0.046805;0.108857;-0.181212;0.977401;

0.001423;0.030067;-0.993735;-0.001803;-0.022045;-0.004852;-nan;-nan;-nan;-0.680357;0.703270;0.206217;-0.724746;-0.687429;-0.046735;0.108892;-0.181252;0.977390;

0.001180;0.029796;-0.993744;-0.001619;-0.022431;-0.006260;-nan;-nan;-nan;-0.680008;0.703577;0.206324;-0.725063;-0.687102;-0.046625;0.108961;-0.181303;0.977372;

0.001183;0.029799;-0.993502;-0.004336;-0.022158;-0.007666;-nan;-nan;-nan;-0.679575;0.703968;0.206414;-0.725485;-0.686651;-0.046710;0.108852;-0.181493;0.977349;

0.001670;0.030087;-0.993254;-0.004725;-0.021802;-0.005556;-nan;-nan;-nan;-0.679275;0.704244;0.206462;-0.725790;-0.686318;-0.046866;0.108694;-0.181683;0.977332;

0.001425;0.029857;-0.993504;-0.003514;-0.021267;-0.002273;-nan;-nan;-nan;-0.679177;0.704339;0.206456;-0.725898;-0.686196;-0.046976;0.108582;-0.181771;0.977328;

0.001427;0.030070;-0.993271;-0.002157;-0.021291;-0.001569;-nan;-nan;-nan;-0.679122;0.704394;0.206450;-0.725954;-0.686136;-0.046990;0.108553;-0.181785;0.977328;

0.001274;0.030275;-0.993259;-0.002004;-0.022305;-0.003915;-nan;-nan;-nan;-0.678917;0.704568;0.206535;-0.726141;-0.685941;-0.046953;0.108589;-0.181851;0.977312;

0.001277;0.029599;-0.993054;-0.000942;-0.024010;-0.005562;-nan;-nan;-nan;-0.678298;0.705055;0.206902;-0.726677;-0.685389;-0.046720;0.108868;-0.182040;0.977246;

0.001034;0.029829;-0.993041;-0.003875;-0.022628;-0.006964;-nan;-nan;-nan;-0.677904;0.705399;0.207024;-0.727054;-0.684985;-0.046779;0.108810;-0.182229;0.977217;

0.001274;0.030109;-0.993274;-0.004267;-0.022041;-0.005087;-nan;-nan;-nan;-0.677629;0.705644;0.207088;-0.727327;-0.684686;-0.046905;0.108692;-0.182405;0.977197;

0.001270;0.030346;-0.993747;-0.002191;-0.019672;-0.003203;-nan;-nan;-nan;-0.677490;0.705817;0.206952;-0.727475;-0.684529;-0.046896;0.108565;-0.182324;0.977226;

0.001027;0.030060;-0.993756;-0.002915;-0.021382;-0.004850;-nan;-nan;-nan;-0.677236;0.706058;0.206964;-0.727723;-0.684265;-0.046915;0.108493;-0.182385;0.977223;

0.000789;0.030333;-0.993260;-0.004024;-0.020726;-0.004662;-nan;-nan;-nan;-0.676998;0.706297;0.206925;-0.727970;-0.683994;-0.047029;0.108319;-0.182474;0.977226;

0.000788;0.030555;-0.993249;-0.000273;-0.021546;-0.006068;-nan;-nan;-nan;-0.676668;0.706604;0.206958;-0.728262;-0.683697;-0.046817;0.108415;-0.182399;0.977229;

0.001029;0.030320;-0.993503;-0.002072;-0.021754;-0.006539;-nan;-nan;-nan;-0.676308;0.706935;0.207007;-0.728598;-0.683345;-0.046742;0.108414;-0.182436;0.977222;

0.000784;0.030357;-0.993743;-0.003787;-0.021864;-0.003962;-nan;-nan;-nan;-0.676102;0.707117;0.207055;-0.728803;-0.683119;-0.046850;0.108315;-0.182578;0.977207;

0.001025;0.030057;-0.993998;-0.004726;-0.022244;-0.005605;-nan;-nan;-nan;-0.675793;0.707388;0.207139;-0.729109;-0.682781;-0.047003;0.108181;-0.182791;0.977182;

0.001270;0.029825;-0.993769;-0.004309;-0.022871;-0.006545;-nan;-nan;-nan;-0.675422;0.707703;0.207274;-0.729464;-0.682395;-0.047102;0.108108;-0.183012;0.977148;

0.001270;0.029585;-0.993780;0.001708;-0.021716;-0.007242;-nan;-nan;-nan;-0.675018;0.708075;0.207317;-0.729804;-0.682060;-0.046701;0.108335;-0.182825;0.977158;

0.001028;0.029603;-0.993778;0.000831;-0.022191;-0.006541;-nan;-nan;-nan;-0.674653;0.708400;0.207398;-0.730112;-0.681751;-0.046386;0.108534;-0.182718;0.977156;

0.001272;0.029830;-0.993527;-0.002095;-0.022613;-0.007246;-nan;-nan;-nan;-0.674240;0.708758;0.207513;-0.730487;-0.681355;-0.046299;0.108575;-0.182802;0.977136;

0.001029;0.030101;-0.993514;-0.003139;-0.019142;-0.005360;-nan;-nan;-nan;-0.673610;0.709426;0.207277;-0.731130;-0.680657;-0.046417;0.108155;-0.182813;0.977181;

