
1.005451;-0.014315;0.021521;-0.002700;-0.019594;-0.002753;-nan;-nan;-nan;-0.035516;0.187377;-0.981646;-0.908862;-0.414527;-0.000000;0.000000;-50201344.000000;-477701176748347226662906470858752.000000;

1.005886;-0.014139;0.021295;-0.003312;-0.019274;-0.008895;-nan;-nan;-nan;-0.045502;0.184856;-0.981712;-0.886089;-0.461248;-0.045783;-0.461276;0.867801;0.184786;

1.005644;-0.014340;0.021286;-0.005048;-0.018458;-0.007253;-nan;-nan;-nan;-0.045317;0.184699;-0.981750;-0.885906;-0.461584;-0.045946;-0.461646;0.867656;0.184543;

1.005646;-0.014088;0.021539;-0.004332;-0.020094;-0.005147;-nan;-nan;-nan;-0.045349;0.184579;-0.981771;-0.885742;-0.461901;-0.045927;-0.461958;0.867513;0.184436;

1.005646;-0.014112;0.021549;-0.003448;-0.022543;-0.004920;-nan;-nan;-nan;-0.045491;0.184627;-0.981755;-0.885611;-0.462157;-0.045876;-0.462195;0.867366;0.184532;

1.005601;-0.014108;0.021549;-0.004105;-0.022563;-0.004452;-nan;-nan;-nan;-0.045667;0.184658;-0.981741;-0.885453;-0.462468;-0.045799;-0.462481;0.867194;0.184625;

1.005356;-0.014130;0.021309;-0.002992;-0.022329;-0.004685;-nan;-nan;-nan;-0.045818;0.184683;-0.981730;-0.885338;-0.462694;-0.045723;-0.462685;0.867068;0.184706;

1.005114;-0.014381;0.021300;-0.002120;-0.021845;-0.005620;-nan;-nan;-nan;-0.045882;0.184708;-0.981722;-0.885261;-0.462843;-0.045708;-0.462826;0.866983;0.184751;

1.005352;-0.014367;0.021056;-0.002776;-0.021644;-0.005152;-nan;-nan;-nan;-0.045974;0.184702;-0.981719;-0.885157;-0.463046;-0.045666;-0.463016;0.866876;0.184778;

1.005352;-0.014347;0.021056;-0.003840;-0.022399;-0.003045;-nan;-nan;-nan;-0.046248;0.184669;-0.981712;-0.885004;-0.463359;-0.045470;-0.463282;0.866716;0.184862;

1.005354;-0.014127;0.021309;-0.004278;-0.020846;-0.003040;-nan;-nan;-nan;-0.046458;0.184524;-0.981729;-0.884833;-0.463702;-0.045284;-0.463586;0.866563;0.184816;

1.005358;-0.014379;0.021782;-0.003863;-0.020574;-0.004211;-nan;-nan;-nan;-0.046572;0.184401;-0.981747;-0.884683;-0.463998;-0.045185;-0.463860;0.866431;0.184746;

1.005599;-0.014374;0.021538;-0.002310;-0.020554;-0.004631;-nan;-nan;-nan;-0.046654;0.184295;-0.981763;-0.884595;-0.464174;-0.045098;-0.464021;0.866359;0.184682;

1.005837;-0.014417;0.021052;-0.000179;-0.022857;-0.007919;-nan;-nan;-nan;-0.046586;0.184483;-0.981731;-0.884602;-0.464147;-0.045244;-0.464014;0.866334;0.184817;

1.005597;-0.014612;0.021285;-0.001959;-0.022870;-0.007686;-nan;-nan;-nan;-0.046536;0.184661;-0.981700;-0.884539;-0.464251;-0.045397;-0.464138;0.866240;0.184944;

1.006082;-0.014582;0.021281;-0.001433;-0.022318;-0.004872;-nan;-nan;-nan;-0.046671;0.184688;-0.981688;-0.884486;-0.464361;-0.045312;-0.464227;0.866175;0.185026;

1.005839;-0.014616;0.021283;-0.000068;-0.018320;-0.004858;-nan;-nan;-nan;-0.046653;0.184429;-0.981738;-0.884485;-0.464373;-0.045205;-0.464230;0.866224;0.184789;

1.005596;-0.014407;0.021296;-0.001709;-0.018431;-0.007671;-nan;-nan;-nan;-0.046433;0.184289;-0.981775;-0.884432;-0.464459;-0.045355;-0.464353;0.866207;0.184557;

1.005601;-0.014111;0.021791;-0.006378;-0.018703;-0.006736;-nan;-nan;-nan;-0.046289;0.184131;-0.981811;-0.884194;-0.464898;-0.045501;-0.464820;0.866006;0.184327;

1.005601;-0.014123;0.021791;-0.005267;-0.019588;-0.006739;-nan;-nan;-nan;-0.046181;0.184037;-0.981834;-0.883999;-0.465256;-0.045630;-0.465202;0.865833;0.184175;

1.005356;-0.014113;0.021551;-0.003234;-0.020286;-0.005802;-nan;-nan;-nan;-0.046171;0.183961;-0.981849;-0.883879;-0.465483;-0.045650;-0.465431;0.865728;0.184091;

1.005596;-0.014117;0.021307;-0.004110;-0.021659;-0.004870;-nan;-nan;-nan;-0.046283;0.183948;-0.981846;-0.883721;-0.465786;-0.045607;-0.465720;0.865567;0.184117;

1.005837;-0.014127;0.021063;-0.004756;-0.019906;-0.004396;-nan;-nan;-nan;-0.046363;0.183794;-0.981871;-0.883537;-0.466143;-0.045537;-0.466062;0.865408;0.184000;

1.005596;-0.014149;0.021307;-0.004573;-0.019172;-0.006034;-nan;-nan;-nan;-0.046294;0.183649;-0.981901;-0.883365;-0.466462;-0.045596;-0.466393;0.865266;0.183824;

1.005596;-0.014389;0.021296;-0.003057;-0.020664;-0.007445;-nan;-nan;-nan;-0.046182;0.183666;-0.981903;-0.883258;-0.466650;-0.045745;-0.466607;0.865161;0.183776;

1.005839;-0.014343;0.021294;-0.003216;-0.020538;-0.005101;-nan;-nan;-nan;-0.046238;0.183583;-0.981916;-0.883136;-0.466886;-0.045704;-0.466834;0.865052;0.183717;

1.005599;-0.014378;0.021538;-0.003242;-0.021618;-0.005807;-nan;-nan;-nan;-0.046283;0.183604;-0.981910;-0.883015;-0.467113;-0.045722;-0.467057;0.864925;0.183744;

1.005599;-0.014606;0.021527;-0.002778;-0.020970;-0.005336;-nan;-nan;-nan;-0.046339;0.183559;-0.981916;-0.882910;-0.467313;-0.045692;-0.467249;0.864826;0.183721;

1.005597;-0.014621;0.021285;-0.002127;-0.022059;-0.005808;-nan;-nan;-nan;-0.046404;0.183612;-0.981903;-0.882833;-0.467459;-0.045691;-0.467389;0.864736;0.183791;

1.005350;-0.014660;0.020803;-0.001991;-0.022148;-0.009090;-nan;-nan;-nan;-0.046234;0.183801;-0.981875;-0.882774;-0.467545;-0.045954;-0.467518;0.864649;0.183872;

1.005354;-0.014584;0.021287;-0.002807;-0.019582;-0.006738;-nan;-nan;-nan;-0.046137;0.183712;-0.981897;-0.882673;-0.467727;-0.046037;-0.467717;0.864570;0.183737;

1.005596;-0.014345;0.021296;-0.002309;-0.020554;-0.004631;-nan;-nan;-nan;-0.046229;0.183611;-0.981911;-0.882584;-0.467905;-0.045942;-0.467876;0.864495;0.183683;

1.005354;-0.014368;0.021298;-0.001207;-0.023665;-0.004454;-nan;-nan;-nan;-0.046455;0.183727;-0.981879;-0.882537;-0.468005;-0.045817;-0.467943;0.864416;0.183887;

1.005352;-0.014406;0.021056;-0.002603;-0.021567;-0.007026;-nan;-nan;-nan;-0.046412;0.183793;-0.981869;-0.882446;-0.468167;-0.045923;-0.468119;0.864315;0.183916;

1.005351;-0.014124;0.021067;-0.001026;-0.021360;-0.006556;-nan;-nan;-nan;-0.046393;0.183827;-0.981863;-0.882414;-0.468223;-0.045968;-0.468181;0.864277;0.183934;

1.005592;-0.013847;0.020834;-0.002061;-0.023504;-0.003047;-nan;-nan;-nan;-0.046712;0.183880;-0.981838;-0.882328;-0.468407;-0.045746;-0.468311;0.864166;0.184123;

1.005354;-0.014122;0.021309;-0.002267;-0.022707;-0.002576;-nan;-nan;-nan;-0.047033;0.183853;-0.981828;-0.882232;-0.468612;-0.045489;-0.468460;0.864061;0.184241;

1.005356;-0.014397;0.021540;-0.001423;-0.020390;-0.004913;-nan;-nan;-nan;-0.047092;0.183749;-0.981845;-0.882179;-0.468721;-0.045408;-0.468554;0.864024;0.184172;

1.005354;-0.014625;0.021287;-0.001909;-0.022795;-0.005859;-nan;-nan;-nan;-0.047177;0.183854;-0.981821;-0.882110;-0.468850;-0.045410;-0.468675;0.863932;0.184299;

1.005594;-0.014629;0.021043;-0.004831;-0.021877;-0.006795;-nan;-nan;-nan;-0.047160;0.183931;-0.981807;-0.881931;-0.469175;-0.045533;-0.469014;0.863739;0.184341;

1.005837;-0.014639;0.021041;-0.004650;-0.021145;-0.008434;-nan;-nan;-nan;-0.046995;0.184018;-0.981799;-0.881765;-0.469462;-0.045784;-0.469342;0.863564;0.184323;

1.005597;-0.014843;0.021274;0.000077;-0.020291;-0.007257;-nan;-nan;-nan;-0.046886;0.183995;-0.981808;-0.881779;-0.469427;-0.045864;-0.469326;0.863588;0.184253;

1.005594;-0.014609;0.021043;0.001868;-0.022757;-0.006560;-nan;-nan;-nan;-0.046923;0.184125;-0.981782;-0.881861;-0.469274;-0.045861;-0.469169;0.863643;0.184392;

1.005354;-0.014604;0.021287;-0.001010;-0.021683;-0.005855;-nan;-nan;-nan;-0.046968;0.184147;-0.981776;-0.881827;-0.469339;-0.045846;-0.469228;0.863603;0.184430;

1.005354;-0.014637;0.021268;-0.001728;-0.021164;-0.007728;-nan;-nan;-nan;-0.046856;0.184206;-0.981770;-0.881773;-0.469427;-0.045993;-0.469342;0.863543;0.184423;

1.005929;-0.014614;0.021263;-0.003723;-0.019627;-0.007491;-nan;-nan;-nan;-0.046703;0.184144;-0.981789;-0.881639;-0.469663;-0.046150;-0.469608;0.863428;0.184283;

1.005931;-0.014321;0.021517;-0.004126;-0.021710;-0.005388;-nan;-nan;-nan;-0.046783;0.184148;-0.981784;-0.881481;-0.469960;-0.046145;-0.469897;0.863265;0.184309;

1.005686;-0.014088;0.021288;-0.003414;-0.021100;-0.003978;-nan;-nan;-nan;-0.046941;0.184057;-0.981794;-0.881345;-0.470227;-0.046015;-0.470136;0.863139;0.184291;

1.005691;-0.014100;0.021288;-0.002268;-0.018453;-0.003501;-nan;-nan;-nan;-0.047030;0.183760;-0.981845;-0.881252;-0.470419;-0.045831;-0.470300;0.863098;0.184063;

1.005446;-0.014096;0.021048;-0.004701;-0.018942;-0.002566;-nan;-nan;-nan;-0.047207;0.183465;-0.981892;-0.881061;-0.470799;-0.045609;-0.470642;0.862953;0.183869;

1.005446;-0.014093;0.021048;-0.005136;-0.022098;-0.001404;-nan;-nan;-nan;-0.047590;0.183353;-0.981895;-0.880847;-0.471228;-0.045302;-0.471003;0.862743;0.183931;

1.005691;-0.014127;0.021288;-0.002948;-0.022025;-0.003043;-nan;-nan;-nan;-0.047847;0.183297;-0.981892;-0.880726;-0.471474;-0.045096;-0.471203;0.862621;0.183993;

1.005936;-0.014127;0.021528;-0.002994;-0.021284;-0.004868;-nan;-nan;-nan;-0.047940;0.183258;-0.981895;-0.880610;-0.471696;-0.045041;-0.471410;0.862508;0.183992;

1.005934;-0.014104;0.021286;-0.002755;-0.019962;-0.004630;-nan;-nan;-nan;-0.047999;0.183118;-0.981919;-0.880503;-0.471903;-0.044963;-0.471604;0.862424;0.183887;

1.005934;-0.014110;0.021286;-0.003881;-0.020400;-0.004866;-nan;-nan;-nan;-0.048058;0.183019;-0.981934;-0.880352;-0.472188;-0.044923;-0.471879;0.862289;0.183813;

1.005938;-0.014110;0.021770;-0.001000;-0.020584;-0.005568;-nan;-nan;-nan;-0.048071;0.182957;-0.981945;-0.880318;-0.472255;-0.044895;-0.471942;0.862266;0.183762;

1.005693;-0.014346;0.021519;-0.000559;-0.021915;-0.005572;-nan;-nan;-nan;-0.048138;0.182993;-0.981935;-0.880301;-0.472290;-0.044860;-0.471967;0.862239;0.183824;

1.005691;-0.014097;0.021288;-0.003897;-0.023062;-0.004874;-nan;-nan;-nan;-0.048299;0.183085;-0.981910;-0.880150;-0.472576;-0.044822;-0.472233;0.862063;0.183967;

1.005691;-0.014091;0.021288;-0.004083;-0.022223;-0.003699;-nan;-nan;-nan;-0.048513;0.183071;-0.981902;-0.879986;-0.472892;-0.044691;-0.472516;0.861892;0.184041;

1.005687;-0.014346;0.020793;-0.002493;-0.021361;-0.002993;-nan;-nan;-nan;-0.048746;0.182970;-0.981909;-0.879882;-0.473105;-0.044478;-0.472685;0.861797;0.184054;

1.005687;-0.014112;0.020804;-0.003832;-0.021143;-0.002993;-nan;-nan;-nan;-0.048968;0.182855;-0.981920;-0.879726;-0.473414;-0.044289;-0.472953;0.861652;0.184044;

1.005934;-0.013882;0.021297;-0.004553;-0.022640;-0.004404;-nan;-nan;-nan;-0.049140;0.182900;-0.981903;-0.879547;-0.473752;-0.044229;-0.473268;0.861456;0.184149;

1.005932;-0.014140;0.021044;-0.004831;-0.021436;-0.006745;-nan;-nan;-nan;-0.049097;0.182951;-0.981895;-0.879366;-0.474075;-0.044361;-0.473608;0.861268;0.184157;

1.005932;-0.014347;0.021033;-0.004812;-0.020567;-0.006274;-nan;-nan;-nan;-0.049057;0.182920;-0.981903;-0.879185;-0.474403;-0.044452;-0.473949;0.861093;0.184093;

1.005936;-0.013853;0.021519;-0.003901;-0.020371;-0.005568;-nan;-nan;-nan;-0.049056;0.182846;-0.981917;-0.879035;-0.474678;-0.044475;-0.474226;0.860958;0.184014;

1.006025;-0.013845;0.021518;-0.002986;-0.023088;-0.004170;-nan;-nan;-nan;-0.049264;0.182911;-0.981894;-0.878916;-0.474908;-0.044371;-0.474425;0.860817;0.184160;

1.005780;-0.013843;0.021279;-0.002989;-0.022635;-0.004403;-nan;-nan;-nan;-0.049436;0.182955;-0.981878;-0.878798;-0.475134;-0.044286;-0.474626;0.860683;0.184269;

1.005538;-0.013863;0.021282;-0.002146;-0.022556;-0.006277;-nan;-nan;-nan;-0.049468;0.183066;-0.981855;-0.878721;-0.475271;-0.044342;-0.474765;0.860584;0.184375;

1.005545;-0.013845;0.021523;-0.004399;-0.022533;-0.006981;-nan;-nan;-nan;-0.049448;0.183201;-0.981831;-0.878558;-0.475559;-0.044488;-0.475069;0.860396;0.184468;

1.005789;-0.014299;0.021500;-0.006134;-0.022615;-0.005109;-nan;-nan;-nan;-0.049570;0.183264;-0.981813;-0.878318;-0.476000;-0.044505;-0.475500;0.860138;0.184559;

1.005546;-0.014079;0.021513;-0.004116;-0.021278;-0.005102;-nan;-nan;-nan;-0.049639;0.183233;-0.981816;-0.878158;-0.476297;-0.044491;-0.475788;0.859981;0.184550;

1.005543;-0.013839;0.021282;-0.003894;-0.021499;-0.005103;-nan;-nan;-nan;-0.049715;0.183220;-0.981814;-0.878007;-0.476577;-0.044477;-0.476059;0.859828;0.184561;

1.006029;-0.014066;0.021267;-0.002294;-0.021999;-0.003650;-nan;-nan;-nan;-0.049918;0.183183;-0.981811;-0.877913;-0.476765;-0.044318;-0.476212;0.859732;0.184618;

1.006271;-0.014092;0.021265;-0.004112;-0.024870;-0.004129;-nan;-nan;-nan;-0.050198;0.183369;-0.981762;-0.877749;-0.477076;-0.044227;-0.476485;0.859520;0.184900;

1.006029;-0.014336;0.021256;-0.002107;-0.022838;-0.004825;-nan;-nan;-nan;-0.050347;0.183437;-0.981741;-0.877667;-0.477232;-0.044160;-0.476619;0.859419;0.185023;

1.005786;-0.014353;0.021258;-0.001942;-0.022973;-0.006934;-nan;-nan;-nan;-0.050348;0.183596;-0.981712;-0.877601;-0.477344;-0.044263;-0.476740;0.859323;0.185157;

1.005546;-0.014106;0.021513;-0.004685;-0.023709;-0.009047;-nan;-nan;-nan;-0.050222;0.183889;-0.981663;-0.877435;-0.477620;-0.044580;-0.477060;0.859106;0.185338;

1.006031;-0.014055;0.021509;-0.007762;-0.024914;-0.006943;-nan;-nan;-nan;-0.050297;0.184182;-0.981604;-0.877137;-0.478149;-0.044773;-0.477600;0.858749;0.185602;

1.005788;-0.014048;0.021511;-0.005010;-0.024567;-0.004362;-nan;-nan;-nan;-0.050547;0.184345;-0.981561;-0.876937;-0.478521;-0.044711;-0.477940;0.858507;0.185847;

1.005543;-0.013830;0.021282;-0.000288;-0.022586;-0.003649;-nan;-nan;-nan;-0.050768;0.184342;-0.981550;-0.876922;-0.478566;-0.044521;-0.477944;0.858483;0.185949;

1.005543;-0.013842;0.021282;-0.000731;-0.021246;-0.003880;-nan;-nan;-nan;-0.050917;0.184252;-0.981559;-0.876891;-0.478638;-0.044359;-0.477985;0.858462;0.185940;

1.005546;-0.014088;0.021513;-0.003881;-0.021891;-0.004587;-nan;-nan;-nan;-0.051041;0.184234;-0.981556;-0.876737;-0.478925;-0.044302;-0.478254;0.858306;0.185969;

1.005546;-0.014094;0.021513;-0.002123;-0.021395;-0.005757;-nan;-nan;-nan;-0.051059;0.184227;-0.981557;-0.876659;-0.479068;-0.044313;-0.478396;0.858228;0.185965;

1.005784;-0.014080;0.021027;-0.001450;-0.023189;-0.005294;-nan;-nan;-nan;-0.051184;0.184332;-0.981530;-0.876605;-0.479170;-0.044276;-0.478481;0.858148;0.186112;

1.006027;-0.014099;0.021064;-0.003943;-0.024933;-0.006238;-nan;-nan;-nan;-0.051308;0.184597;-0.981474;-0.876456;-0.479435;-0.044354;-0.478741;0.857943;0.186390;

1.005603;-0.014084;0.020825;-0.004600;-0.024057;-0.006001;-nan;-nan;-nan;-0.051416;0.184790;-0.981432;-0.876279;-0.479751;-0.044423;-0.479052;0.857725;0.186594;

1.005360;-0.014388;0.020814;-0.001710;-0.022235;-0.006931;-nan;-nan;-nan;-0.051386;0.184888;-0.981415;-0.876222;-0.479846;-0.044520;-0.479160;0.857650;0.186660;

1.005605;-0.014369;0.021054;-0.001914;-0.020923;-0.006459;-nan;-nan;-nan;-0.051337;0.184872;-0.981421;-0.876155;-0.479964;-0.044580;-0.479288;0.857588;0.186616;

1.005841;-0.014355;0.021536;-0.003674;-0.021419;-0.005290;-nan;-nan;-nan;-0.051392;0.184840;-0.981424;-0.876012;-0.480225;-0.044573;-0.479543;0.857449;0.186602;

1.005354;-0.014136;0.021309;-0.004802;-0.020284;-0.005989;-nan;-nan;-nan;-0.051350;0.184760;-0.981441;-0.875827;-0.480556;-0.044642;-0.479885;0.857281;0.186494;

1.005360;-0.014122;0.022034;-0.007493;-0.020723;-0.006226;-nan;-nan;-nan;-0.051307;0.184715;-0.981452;-0.875535;-0.481076;-0.044772;-0.480423;0.856999;0.186407;

1.005843;-0.014364;0.021778;-0.005694;-0.019842;-0.005989;-nan;-nan;-nan;-0.051249;0.184599;-0.981477;-0.875314;-0.481471;-0.044850;-0.480832;0.856802;0.186257;

1.005839;-0.014602;0.021283;-0.003644;-0.018773;-0.004862;-nan;-nan;-nan;-0.051236;0.184365;-0.981521;-0.875170;-0.481737;-0.044803;-0.481095;0.856702;0.186033;

1.005837;-0.014396;0.021052;-0.003462;-0.018263;-0.006500;-nan;-nan;-nan;-0.051083;0.184165;-0.981567;-0.875040;-0.481964;-0.044888;-0.481347;0.856618;0.185772;

1.005597;-0.014606;0.021285;-0.003473;-0.023173;-0.005813;-nan;-nan;-nan;-0.051178;0.184284;-0.981540;-0.874907;-0.482204;-0.044915;-0.481579;0.856457;0.185910;

1.005597;-0.014863;0.021274;-0.004829;-0.023823;-0.006285;-nan;-nan;-nan;-0.051267;0.184467;-0.981501;-0.874721;-0.482533;-0.045000;-0.481907;0.856233;0.186095;

1.005597;-0.014614;0.021285;-0.005047;-0.022786;-0.006281;-nan;-nan;-nan;-0.051312;0.184575;-0.981478;-0.874527;-0.482877;-0.045088;-0.482255;0.856015;0.186193;

1.005354;-0.014367;0.021298;-0.003910;-0.020351;-0.006037;-nan;-nan;-nan;-0.051277;0.184501;-0.981494;-0.874376;-0.483144;-0.045141;-0.482531;0.855880;0.186097;

1.005837;-0.014151;0.021063;-0.003509;-0.021626;-0.007448;-nan;-nan;-nan;-0.051190;0.184576;-0.981484;-0.874248;-0.483361;-0.045303;-0.482773;0.855742;0.186108;

1.006081;-0.014108;0.021303;-0.003464;-0.022367;-0.005575;-nan;-nan;-nan;-0.051268;0.184626;-0.981471;-0.874114;-0.483604;-0.045311;-0.483008;0.855594;0.186177;

1.005841;-0.014127;0.021547;-0.001897;-0.021697;-0.005572;-nan;-nan;-nan;-0.051319;0.184626;-0.981468;-0.874042;-0.483735;-0.045295;-0.483133;0.855520;0.186195;

1.005594;-0.014108;0.021065;-0.001391;-0.020663;-0.003693;-nan;-nan;-nan;-0.051465;0.184482;-0.981488;-0.873983;-0.483858;-0.045119;-0.483224;0.855481;0.186136;

1.005592;-0.014407;0.020812;-0.002138;-0.023011;-0.006045;-nan;-nan;-nan;-0.051538;0.184600;-0.981462;-0.873904;-0.483998;-0.045144;-0.483359;0.855376;0.186267;

1.005594;-0.014143;0.021065;-0.003283;-0.023197;-0.006983;-nan;-nan;-nan;-0.051547;0.184766;-0.981430;-0.873782;-0.484206;-0.045265;-0.483578;0.855223;0.186405;

1.005594;-0.014132;0.021055;-0.005939;-0.019432;-0.006973;-nan;-nan;-nan;-0.051406;0.184665;-0.981456;-0.873554;-0.484603;-0.045425;-0.484005;0.855020;0.186227;

1.005154;-0.014094;0.021059;-0.006756;-0.019548;-0.004160;-nan;-nan;-nan;-0.051475;0.184461;-0.981491;-0.873280;-0.485102;-0.045370;-0.484492;0.854781;0.186057;

1.005399;-0.014602;0.021277;-0.003420;-0.021758;-0.004167;-nan;-nan;-nan;-0.051636;0.184410;-0.981492;-0.873141;-0.485363;-0.045258;-0.484726;0.854644;0.186078;

1.005888;-0.014605;0.021757;-0.000749;-0.020844;-0.004632;-nan;-nan;-nan;-0.051723;0.184310;-0.981506;-0.873111;-0.485426;-0.045144;-0.484770;0.854629;0.186031;

1.006131;-0.014366;0.021524;-0.002762;-0.019277;-0.005097;-nan;-nan;-nan;-0.051711;0.184121;-0.981542;-0.873003;-0.485626;-0.045102;-0.484967;0.854557;0.185850;

1.005886;-0.014347;0.021284;-0.002747;-0.022210;-0.003934;-nan;-nan;-nan;-0.051903;0.184096;-0.981537;-0.872889;-0.485842;-0.044966;-0.485150;0.854439;0.185912;

1.005644;-0.014360;0.021286;-0.002303;-0.022653;-0.003935;-nan;-nan;-nan;-0.052111;0.184102;-0.981525;-0.872794;-0.486026;-0.044824;-0.485299;0.854333;0.186011;

1.005887;-0.014619;0.021274;-0.001882;-0.021716;-0.005104;-nan;-nan;-nan;-0.052198;0.184088;-0.981523;-0.872721;-0.486162;-0.044770;-0.485421;0.854259;0.186034;

1.005886;-0.014374;0.021284;0.000114;-0.019452;-0.006082;-nan;-nan;-nan;-0.052121;0.183954;-0.981552;-0.872733;-0.486141;-0.044766;-0.485407;0.854300;0.185881;

1.005642;-0.014132;0.021055;-0.000142;-0.020746;-0.007022;-nan;-nan;-nan;-0.052028;0.183954;-0.981557;-0.872739;-0.486123;-0.044845;-0.485407;0.854310;0.185836;

1.005642;-0.014132;0.021055;-0.003523;-0.021604;-0.007964;-nan;-nan;-nan;-0.051902;0.184052;-0.981545;-0.872612;-0.486332;-0.045052;-0.485649;0.854170;0.185847;

1.005889;-0.014326;0.021526;-0.006806;-0.021939;-0.005390;-nan;-nan;-nan;-0.051976;0.184065;-0.981539;-0.872340;-0.486815;-0.045097;-0.486128;0.853892;0.185870;

1.005646;-0.014097;0.021539;-0.008099;-0.020447;-0.003979;-nan;-nan;-nan;-0.052091;0.183916;-0.981561;-0.872010;-0.487411;-0.045050;-0.486709;0.853584;0.185766;

1.005889;-0.014373;0.021526;-0.003896;-0.021941;-0.005154;-nan;-nan;-nan;-0.052183;0.183919;-0.981555;-0.871855;-0.487690;-0.045030;-0.486976;0.853424;0.185800;

1.005889;-0.014371;0.021526;-0.001691;-0.022341;-0.006092;-nan;-nan;-nan;-0.052224;0.183989;-0.981540;-0.871794;-0.487797;-0.045053;-0.487082;0.853347;0.185875;

1.005401;-0.014119;0.021299;-0.003941;-0.024112;-0.006332;-nan;-nan;-nan;-0.052317;0.184196;-0.981496;-0.871642;-0.488061;-0.045132;-0.487343;0.853152;0.186086;

1.005154;-0.013869;0.020828;-0.004569;-0.020593;-0.005617;-nan;-nan;-nan;-0.052320;0.184128;-0.981509;-0.871461;-0.488380;-0.045165;-0.487666;0.852984;0.186013;

1.005886;-0.013858;0.021306;-0.001617;-0.018423;-0.004203;-nan;-nan;-nan;-0.052336;0.183847;-0.981561;-0.871394;-0.488512;-0.045036;-0.487784;0.852969;0.185770;

1.005886;-0.014128;0.021295;-0.000522;-0.019057;-0.004908;-nan;-nan;-nan;-0.052328;0.183640;-0.981600;-0.871375;-0.488554;-0.044947;-0.487819;0.852990;0.185584;

1.005644;-0.014603;0.021276;-0.001877;-0.021724;-0.004918;-nan;-nan;-nan;-0.052431;0.183621;-0.981598;-0.871301;-0.488692;-0.044877;-0.487940;0.852914;0.185612;

1.005399;-0.014599;0.021045;0.000373;-0.021293;-0.004446;-nan;-nan;-nan;-0.052551;0.183556;-0.981604;-0.871317;-0.488678;-0.044734;-0.487899;0.852937;0.185616;

1.005597;-0.013895;0.021076;-0.001449;-0.020353;-0.005849;-nan;-nan;-nan;-0.052526;0.183484;-0.981618;-0.871264;-0.488771;-0.044740;-0.487996;0.852899;0.185536;

1.005601;-0.014111;0.021549;-0.005659;-0.019967;-0.004679;-nan;-nan;-nan;-0.052569;0.183333;-0.981644;-0.871035;-0.489182;-0.044714;-0.488400;0.852696;0.185405;

1.005601;-0.014375;0.021538;-0.006338;-0.019506;-0.005147;-nan;-nan;-nan;-0.052562;0.183169;-0.981675;-0.870780;-0.489633;-0.044735;-0.488855;0.852472;0.185236;

1.005599;-0.014381;0.021538;-0.002354;-0.021233;-0.006088;-nan;-nan;-nan;-0.052559;0.183166;-0.981676;-0.870692;-0.489787;-0.044770;-0.489013;0.852384;0.185224;

1.005599;-0.014387;0.021538;-0.001277;-0.021394;-0.007494;-nan;-nan;-nan;-0.052461;0.183231;-0.981669;-0.870653;-0.489844;-0.044902;-0.489092;0.852338;0.185228;

1.005596;-0.014351;0.021296;-0.001684;-0.022350;-0.005857;-nan;-nan;-nan;-0.052521;0.183298;-0.981653;-0.870591;-0.489954;-0.044907;-0.489196;0.852260;0.185310;

1.005841;-0.014124;0.021547;-0.002564;-0.021031;-0.005619;-nan;-nan;-nan;-0.052542;0.183261;-0.981659;-0.870491;-0.490131;-0.044909;-0.489371;0.852166;0.185279;

1.005598;-0.014116;0.021549;-0.001652;-0.021280;-0.004867;-nan;-nan;-nan;-0.052627;0.183212;-0.981664;-0.870426;-0.490254;-0.044835;-0.489479;0.852106;0.185273;

1.005843;-0.014361;0.021778;-0.003655;-0.022192;-0.004403;-nan;-nan;-nan;-0.052782;0.183205;-0.981657;-0.870277;-0.490526;-0.044753;-0.489727;0.851951;0.185330;

1.005601;-0.014141;0.021791;-0.005251;-0.021251;-0.005806;-nan;-nan;-nan;-0.052796;0.183190;-0.981659;-0.870068;-0.490890;-0.044812;-0.490096;0.851744;0.185305;

1.005598;-0.014108;0.021549;-0.006115;-0.022865;-0.004406;-nan;-nan;-nan;-0.052978;0.183234;-0.981641;-0.869818;-0.491337;-0.044770;-0.490520;0.851477;0.185410;

1.005596;-0.014099;0.021307;-0.006499;-0.023112;-0.002063;-nan;-nan;-nan;-0.053338;0.183200;-0.981628;-0.869542;-0.491846;-0.044545;-0.490971;0.851190;0.185535;

1.005111;-0.013901;0.021322;-0.007652;-0.022835;-0.003467;-nan;-nan;-nan;-0.053583;0.183206;-0.981613;-0.869224;-0.492415;-0.044455;-0.491506;0.850860;0.185632;

1.005115;-0.013676;0.021816;-0.007740;-0.022257;-0.006746;-nan;-nan;-nan;-0.053564;0.183302;-0.981596;-0.868917;-0.492940;-0.044636;-0.492050;0.850535;0.185678;

1.005605;-0.013860;0.022285;-0.004121;-0.019631;-0.005566;-nan;-nan;-nan;-0.053524;0.183159;-0.981625;-0.868753;-0.493227;-0.044661;-0.492344;0.850400;0.185519;

1.005843;-0.014379;0.021778;-0.003257;-0.020701;-0.006508;-nan;-nan;-nan;-0.053465;0.183131;-0.981634;-0.868629;-0.493439;-0.044744;-0.492570;0.850283;0.185455;

1.005841;-0.014385;0.021536;-0.004183;-0.021101;-0.007681;-nan;-nan;-nan;-0.053341;0.183182;-0.981631;-0.868472;-0.493698;-0.044937;-0.492861;0.850122;0.185422;

1.005596;-0.014351;0.021296;-0.005711;-0.022725;-0.006046;-nan;-nan;-nan;-0.053402;0.183281;-0.981609;-0.868244;-0.494090;-0.045019;-0.493255;0.849872;0.185519;

1.005352;-0.014616;0.021045;-0.006156;-0.022727;-0.006047;-nan;-nan;-nan;-0.053467;0.183381;-0.981587;-0.867998;-0.494514;-0.045106;-0.493680;0.849604;0.185615;

1.005598;-0.014126;0.021529;-0.004604;-0.024053;-0.006049;-nan;-nan;-nan;-0.053581;0.183571;-0.981545;-0.867816;-0.494829;-0.045171;-0.493989;0.849380;0.185819;

1.005688;-0.014132;0.021528;-0.002149;-0.022252;-0.006511;-nan;-nan;-nan;-0.053588;0.183651;-0.981530;-0.867736;-0.494962;-0.045236;-0.494127;0.849285;0.185885;

1.005445;-0.014087;0.021531;-0.003219;-0.019862;-0.005332;-nan;-nan;-nan;-0.053581;0.183516;-0.981555;-0.867608;-0.495189;-0.045222;-0.494354;0.849182;0.185752;

1.005447;-0.013844;0.021784;-0.005656;-0.020572;-0.004397;-nan;-nan;-nan;-0.053668;0.183392;-0.981574;-0.867374;-0.495603;-0.045172;-0.494755;0.848967;0.185667;

1.005695;-0.014097;0.021771;-0.004771;-0.023020;-0.004171;-nan;-nan;-nan;-0.053873;0.183430;-0.981556;-0.867176;-0.495957;-0.045088;-0.495080;0.848752;0.185785;

1.005693;-0.014127;0.021530;-0.003927;-0.022942;-0.006045;-nan;-nan;-nan;-0.053941;0.183540;-0.981531;-0.867021;-0.496223;-0.045143;-0.495344;0.848573;0.185900;

1.005693;-0.014349;0.021519;-0.003029;-0.021155;-0.006274;-nan;-nan;-nan;-0.053921;0.183533;-0.981534;-0.866904;-0.496422;-0.045200;-0.495551;0.848458;0.185873;

1.005451;-0.014585;0.021510;-0.000329;-0.019160;-0.006032;-nan;-nan;-nan;-0.053838;0.183375;-0.981568;-0.866897;-0.496434;-0.045194;-0.495571;0.848485;0.185694;

1.005694;-0.014577;0.021508;-0.001647;-0.019645;-0.005097;-nan;-nan;-nan;-0.053843;0.183214;-0.981597;-0.866832;-0.496553;-0.045133;-0.495684;0.848450;0.185552;

1.005693;-0.014340;0.021519;-0.005222;-0.021893;-0.004637;-nan;-nan;-nan;-0.053972;0.183193;-0.981594;-0.866617;-0.496932;-0.045092;-0.496046;0.848233;0.185579;

1.005451;-0.014359;0.021521;-0.004359;-0.021621;-0.005807;-nan;-nan;-nan;-0.054005;0.183202;-0.981591;-0.866443;-0.497232;-0.045133;-0.496347;0.848055;0.185587;

1.005451;-0.014336;0.021521;-0.000994;-0.022306;-0.005105;-nan;-nan;-nan;-0.054117;0.183230;-0.981579;-0.866405;-0.497305;-0.045064;-0.496401;0.848006;0.185664;

1.005694;-0.014580;0.021508;-0.001198;-0.022336;-0.004403;-nan;-nan;-nan;-0.054281;0.183230;-0.981570;-0.866355;-0.497403;-0.044940;-0.496470;0.847949;0.185742;

1.005692;-0.014592;0.021266;-0.004086;-0.020125;-0.004397;-nan;-nan;-nan;-0.054355;0.183076;-0.981595;-0.866186;-0.497704;-0.044862;-0.496757;0.847805;0.185630;

1.005689;-0.014595;0.021024;-0.005205;-0.020572;-0.004399;-nan;-nan;-nan;-0.054448;0.182956;-0.981612;-0.865970;-0.498085;-0.044801;-0.497123;0.847608;0.185554;

1.005691;-0.014094;0.021288;-0.005867;-0.023053;-0.003469;-nan;-nan;-nan;-0.054704;0.182973;-0.981595;-0.865722;-0.498526;-0.044680;-0.497526;0.847345;0.185675;

1.005938;-0.014101;0.021770;-0.006315;-0.023053;-0.003469;-nan;-nan;-nan;-0.054957;0.182985;-0.981578;-0.865456;-0.498999;-0.044567;-0.497962;0.847064;0.185789;

1.005936;-0.014587;0.021506;-0.005182;-0.021729;-0.003231;-nan;-nan;-nan;-0.055176;0.182894;-0.981583;-0.865236;-0.499395;-0.044414;-0.498320;0.846850;0.185801;

1.005694;-0.014841;0.021497;-0.003864;-0.022362;-0.003936;-nan;-nan;-nan;-0.055372;0.182876;-0.981575;-0.865073;-0.499687;-0.044296;-0.498581;0.846682;0.185870;

1.005455;-0.014623;0.021994;-0.003053;-0.020893;-0.007211;-nan;-nan;-nan;-0.055268;0.182889;-0.981579;-0.864959;-0.499871;-0.044435;-0.498790;0.846570;0.185818;

1.005941;-0.014353;0.022010;-0.002185;-0.020631;-0.008148;-nan;-nan;-nan;-0.055085;0.182922;-0.981583;-0.864886;-0.499981;-0.044638;-0.498938;0.846498;0.185748;

1.005893;-0.014341;0.021769;-0.003970;-0.021534;-0.007917;-nan;-nan;-nan;-0.054958;0.183011;-0.981574;-0.864736;-0.500220;-0.044847;-0.499210;0.846338;0.185747;

1.005891;-0.014347;0.021526;-0.003937;-0.020463;-0.006976;-nan;-nan;-nan;-0.054858;0.182986;-0.981584;-0.864584;-0.500471;-0.044978;-0.499485;0.846194;0.185661;

1.005404;-0.014569;0.021277;-0.004993;-0.022346;-0.004404;-nan;-nan;-nan;-0.055023;0.182988;-0.981574;-0.864376;-0.500836;-0.044914;-0.499827;0.845978;0.185728;

1.005889;-0.014350;0.021526;-0.007429;-0.021716;-0.003700;-nan;-nan;-nan;-0.055208;0.182915;-0.981577;-0.864063;-0.501384;-0.044833;-0.500347;0.845669;0.185731;

1.005888;-0.013905;0.021548;-0.007062;-0.023163;-0.006282;-nan;-nan;-nan;-0.055266;0.183052;-0.981549;-0.863776;-0.501865;-0.044960;-0.500835;0.845354;0.185852;

1.005399;-0.014110;0.021057;-0.006143;-0.022524;-0.005576;-nan;-nan;-nan;-0.055351;0.183117;-0.981532;-0.863525;-0.502293;-0.045013;-0.501259;0.845086;0.185929;

1.004914;-0.014635;0.021040;-0.004638;-0.020861;-0.008149;-nan;-nan;-nan;-0.055189;0.183171;-0.981531;-0.863348;-0.502576;-0.045246;-0.501581;0.844906;0.185877;

1.005401;-0.014596;0.021278;-0.003058;-0.019988;-0.007677;-nan;-nan;-nan;-0.055024;0.183141;-0.981546;-0.863235;-0.502755;-0.045415;-0.501794;0.844806;0.185757;

1.005644;-0.014337;0.021286;-0.001911;-0.023168;-0.005811;-nan;-nan;-nan;-0.055123;0.183257;-0.981518;-0.863161;-0.502882;-0.045416;-0.501910;0.844705;0.185901;

1.005399;-0.014596;0.021036;-0.003664;-0.021205;-0.005103;-nan;-nan;-nan;-0.055194;0.183206;-0.981524;-0.863011;-0.503143;-0.045384;-0.502161;0.844561;0.185879;

1.005397;-0.014818;0.020783;-0.004933;-0.021314;-0.002526;-nan;-nan;-nan;-0.055456;0.183057;-0.981537;-0.862795;-0.503532;-0.045161;-0.502502;0.844361;0.185864;

1.005642;-0.014644;0.021034;-0.004358;-0.022963;-0.005578;-nan;-nan;-nan;-0.055565;0.183149;-0.981514;-0.862618;-0.503834;-0.045180;-0.502795;0.844161;0.185983;

1.005644;-0.014627;0.021276;-0.002842;-0.022216;-0.007450;-nan;-nan;-nan;-0.055508;0.183264;-0.981495;-0.862513;-0.504001;-0.045328;-0.502981;0.844036;0.186044;

1.005644;-0.014138;0.021297;-0.003983;-0.018602;-0.009079;-nan;-nan;-nan;-0.055182;0.183197;-0.981526;-0.862367;-0.504223;-0.045628;-0.503267;0.843918;0.185807;

1.005642;-0.014345;0.021045;-0.005951;-0.018221;-0.007673;-nan;-nan;-nan;-0.054946;0.183045;-0.981568;-0.862132;-0.504606;-0.045840;-0.503696;0.843722;0.185535;

1.005397;-0.014368;0.020805;-0.003729;-0.019538;-0.007910;-nan;-nan;-nan;-0.054752;0.182998;-0.981587;-0.861991;-0.504829;-0.046035;-0.503958;0.843599;0.185383;

1.005156;-0.014100;0.021059;-0.003251;-0.020481;-0.006505;-nan;-nan;-nan;-0.054696;0.182958;-0.981598;-0.861863;-0.505041;-0.046110;-0.504183;0.843481;0.185309;

1.005159;-0.014358;0.021290;-0.001025;-0.021584;-0.006508;-nan;-nan;-nan;-0.054688;0.182993;-0.981592;-0.861829;-0.505096;-0.046147;-0.504243;0.843440;0.185331;

1.005159;-0.014604;0.021279;-0.002380;-0.023131;-0.006749;-nan;-nan;-nan;-0.054729;0.183145;-0.981561;-0.861739;-0.505243;-0.046223;-0.504392;0.843320;0.185474;

1.005404;-0.014557;0.021549;-0.004079;-0.023269;-0.003469;-nan;-nan;-nan;-0.055007;0.183165;-0.981542;-0.861562;-0.505559;-0.046059;-0.504664;0.843126;0.185618;

1.005267;-0.014361;0.021319;-0.003620;-0.020152;-0.003693;-nan;-nan;-nan;-0.055138;0.182980;-0.981569;-0.861406;-0.505839;-0.045909;-0.504916;0.842998;0.185511;

1.005265;-0.014162;0.021086;-0.004081;-0.019459;-0.004393;-nan;-nan;-nan;-0.055188;0.182780;-0.981604;-0.861233;-0.506140;-0.045825;-0.505205;0.842861;0.185349;

1.005024;-0.014155;0.021330;-0.003880;-0.020992;-0.004866;-nan;-nan;-nan;-0.055269;0.182707;-0.981613;-0.861071;-0.506420;-0.045778;-0.505472;0.842708;0.185313;

1.005014;-0.014620;0.021066;-0.001164;-0.021709;-0.003462;-nan;-nan;-nan;-0.055483;0.182625;-0.981616;-0.861017;-0.506530;-0.045571;-0.505540;0.842660;0.185347;

1.005259;-0.014897;0.021295;-0.002988;-0.021434;-0.004869;-nan;-nan;-nan;-0.055584;0.182580;-0.981618;-0.860893;-0.506747;-0.045506;-0.505740;0.842539;0.185349;

1.005744;-0.014671;0.021302;-0.003727;-0.021109;-0.007447;-nan;-nan;-nan;-0.055487;0.182621;-0.981616;-0.860750;-0.506976;-0.045664;-0.505995;0.842392;0.185322;

1.005744;-0.014387;0.021313;-0.001918;-0.020467;-0.006740;-nan;-nan;-nan;-0.055412;0.182589;-0.981627;-0.860679;-0.507090;-0.045737;-0.506124;0.842331;0.185249;

1.005259;-0.014370;0.021317;-0.000323;-0.023646;-0.004874;-nan;-nan;-nan;-0.055604;0.182700;-0.981595;-0.860667;-0.507120;-0.045635;-0.506124;0.842289;0.185442;

1.005014;-0.014404;0.021077;-0.002567;-0.022514;-0.005574;-nan;-nan;-nan;-0.055698;0.182763;-0.981578;-0.860563;-0.507296;-0.045624;-0.506289;0.842169;0.185535;

1.005256;-0.013943;0.021097;-0.005310;-0.021085;-0.008149;-nan;-nan;-nan;-0.055545;0.182836;-0.981573;-0.860356;-0.507625;-0.045869;-0.506658;0.841955;0.185500;

1.005499;-0.014397;0.021073;-0.005968;-0.019312;-0.008145;-nan;-nan;-nan;-0.055324;0.182782;-0.981596;-0.860121;-0.508002;-0.046117;-0.507082;0.841739;0.185319;

1.005499;-0.014389;0.021073;-0.007967;-0.020677;-0.007447;-nan;-nan;-nan;-0.055212;0.182793;-0.981600;-0.859797;-0.508529;-0.046337;-0.507642;0.841418;0.185242;

1.005502;-0.014629;0.021304;-0.006159;-0.020257;-0.006742;-nan;-nan;-nan;-0.055136;0.182743;-0.981613;-0.859546;-0.508941;-0.046468;-0.508075;0.841180;0.185137;

1.005502;-0.014365;0.021315;-0.003858;-0.019458;-0.004394;-nan;-nan;-nan;-0.055192;0.182540;-0.981648;-0.859382;-0.509228;-0.046375;-0.508348;0.841051;0.184977;

1.005261;-0.014150;0.021570;-0.003863;-0.019004;-0.004626;-nan;-nan;-nan;-0.055210;0.182317;-0.981689;-0.859218;-0.509510;-0.046303;-0.508622;0.840928;0.184780;

1.005503;-0.014175;0.021568;-0.005936;-0.019368;-0.006738;-nan;-nan;-nan;-0.055093;0.182208;-0.981715;-0.858976;-0.509906;-0.046435;-0.509043;0.840712;0.184605;

1.005499;-0.014160;0.021084;-0.002818;-0.018898;-0.007204;-nan;-nan;-nan;-0.054927;0.182091;-0.981746;-0.858868;-0.510077;-0.046555;-0.509243;0.840634;0.184410;

1.005499;-0.014140;0.021084;-0.001453;-0.020051;-0.006035;-nan;-nan;-nan;-0.054895;0.182006;-0.981764;-0.858813;-0.510169;-0.046558;-0.509340;0.840596;0.184315;

1.005742;-0.014117;0.021082;-0.002048;-0.021287;-0.002992;-nan;-nan;-nan;-0.055130;0.181879;-0.981774;-0.858718;-0.510350;-0.046325;-0.509474;0.840514;0.184318;

1.005497;-0.014161;0.020793;-0.004738;-0.022173;-0.003231;-nan;-nan;-nan;-0.055386;0.181826;-0.981770;-0.858511;-0.510714;-0.046153;-0.509796;0.840304;0.184386;

1.005723;-0.014192;0.021033;-0.003908;-0.019836;-0.006036;-nan;-nan;-nan;-0.055342;0.181728;-0.981790;-0.858351;-0.510978;-0.046198;-0.510069;0.840165;0.184264;

1.005482;-0.014333;0.021269;-0.002336;-0.019397;-0.005799;-nan;-nan;-nan;-0.055297;0.181587;-0.981819;-0.858258;-0.511136;-0.046197;-0.510231;0.840099;0.184113;

1.005970;-0.014081;0.021518;-0.004103;-0.020106;-0.004865;-nan;-nan;-nan;-0.055345;0.181457;-0.981840;-0.858084;-0.511431;-0.046150;-0.510518;0.839948;0.184010;

1.005983;-0.014099;0.021518;-0.003902;-0.021639;-0.005339;-nan;-nan;-nan;-0.055425;0.181453;-0.981836;-0.857921;-0.511705;-0.046138;-0.510783;0.839781;0.184034;

1.005984;-0.014321;0.021507;0.000375;-0.021454;-0.004164;-nan;-nan;-nan;-0.055582;0.181386;-0.981840;-0.857935;-0.511698;-0.045964;-0.510742;0.839800;0.184059;

1.005984;-0.014321;0.021507;-0.002279;-0.022396;-0.002997;-nan;-nan;-nan;-0.055860;0.181336;-0.981833;-0.857831;-0.511893;-0.045737;-0.510888;0.839692;0.184150;

1.005498;-0.014366;0.021511;-0.002574;-0.022735;-0.005576;-nan;-nan;-nan;-0.055968;0.181419;-0.981812;-0.857726;-0.512070;-0.045726;-0.511052;0.839566;0.184267;

1.005500;-0.014090;0.021764;-0.001685;-0.022057;-0.005807;-nan;-nan;-nan;-0.056027;0.181464;-0.981800;-0.857660;-0.512181;-0.045722;-0.511156;0.839489;0.184330;

1.005990;-0.014058;0.022244;-0.001642;-0.024140;-0.003705;-nan;-nan;-nan;-0.056321;0.181559;-0.981766;-0.857585;-0.512321;-0.045547;-0.511249;0.839383;0.184557;

1.005741;-0.014083;0.021520;-0.000494;-0.022613;-0.002996;-nan;-nan;-nan;-0.056601;0.181523;-0.981756;-0.857557;-0.512391;-0.045298;-0.511266;0.839348;0.184668;

1.005498;-0.014099;0.021522;-0.001628;-0.022365;-0.003698;-nan;-nan;-nan;-0.056819;0.181500;-0.981748;-0.857484;-0.512528;-0.045126;-0.511364;0.839269;0.184755;

1.005741;-0.014335;0.021509;-0.002297;-0.022218;-0.003699;-nan;-nan;-nan;-0.057031;0.181466;-0.981742;-0.857382;-0.512713;-0.044964;-0.511511;0.839164;0.184826;

1.005741;-0.014346;0.021509;-0.003441;-0.022627;-0.004639;-nan;-nan;-nan;-0.057192;0.181500;-0.981726;-0.857236;-0.512963;-0.044897;-0.511738;0.839003;0.184926;

1.005741;-0.014343;0.021509;-0.005248;-0.022825;-0.005343;-nan;-nan;-nan;-0.057310;0.181577;-0.981705;-0.857016;-0.513329;-0.044915;-0.512093;0.838763;0.185034;

1.005739;-0.014352;0.021267;-0.006181;-0.024111;-0.006520;-nan;-nan;-nan;-0.057401;0.181794;-0.981660;-0.856762;-0.513741;-0.045043;-0.512508;0.838463;0.185244;

1.005741;-0.014563;0.021498;-0.007921;-0.021944;-0.005342;-nan;-nan;-nan;-0.057483;0.181807;-0.981653;-0.856427;-0.514294;-0.045099;-0.513057;0.838122;0.185268;

1.005496;-0.014315;0.021269;-0.004530;-0.022668;-0.003701;-nan;-nan;-nan;-0.057713;0.181802;-0.981640;-0.856230;-0.514634;-0.044972;-0.513361;0.837914;0.185365;

1.005496;-0.014360;0.021269;-0.001002;-0.021694;-0.005571;-nan;-nan;-nan;-0.057767;0.181809;-0.981636;-0.856192;-0.514699;-0.044942;-0.513418;0.837873;0.185396;

1.005739;-0.014613;0.021257;-0.002414;-0.022037;-0.008152;-nan;-nan;-nan;-0.057655;0.181948;-0.981617;-0.856107;-0.514824;-0.045142;-0.513573;0.837766;0.185449;

1.005737;-0.014583;0.021054;-0.005314;-0.021602;-0.008153;-nan;-nan;-nan;-0.057526;0.182057;-0.981604;-0.855897;-0.515151;-0.045385;-0.513937;0.837541;0.185456;

1.005558;-0.014318;0.021066;-0.005271;-0.021890;-0.006512;-nan;-nan;-nan;-0.057526;0.182116;-0.981593;-0.855680;-0.515501;-0.045495;-0.514298;0.837313;0.185488;

1.005319;-0.014364;0.021550;-0.003886;-0.019492;-0.005331;-nan;-nan;-nan;-0.057506;0.181956;-0.981624;-0.855517;-0.515772;-0.045486;-0.514571;0.837181;0.185326;

1.005560;-0.014398;0.021305;-0.003473;-0.019888;-0.006505;-nan;-nan;-nan;-0.057421;0.181875;-0.981644;-0.855378;-0.515996;-0.045566;-0.514812;0.837060;0.185201;

1.005549;-0.014146;0.021316;-0.002590;-0.019422;-0.006971;-nan;-nan;-nan;-0.057284;0.181783;-0.981669;-0.855278;-0.516152;-0.045672;-0.514993;0.836984;0.185042;

1.005795;-0.013899;0.021809;-0.003297;-0.022955;-0.007451;-nan;-nan;-nan;-0.057260;0.181954;-0.981638;-0.855150;-0.516351;-0.045828;-0.515208;0.836824;0.185164;

1.006038;-0.014164;0.021796;-0.003810;-0.024424;-0.009566;-nan;-nan;-nan;-0.057151;0.182314;-0.981578;-0.855010;-0.516553;-0.046160;-0.515452;0.836621;0.185402;

1.005796;-0.014382;0.021787;-0.003591;-0.024191;-0.009800;-nan;-nan;-nan;-0.057020;0.182665;-0.981520;-0.854881;-0.516737;-0.046504;-0.515682;0.836431;0.185621;

1.005551;-0.014108;0.021558;0.000502;-0.022723;-0.007449;-nan;-nan;-nan;-0.056993;0.182813;-0.981494;-0.854915;-0.516671;-0.046593;-0.515628;0.836439;0.185736;

1.005553;-0.014348;0.021789;-0.002087;-0.018387;-0.005093;-nan;-nan;-nan;-0.056947;0.182558;-0.981545;-0.854827;-0.516822;-0.046528;-0.515778;0.836401;0.185487;

1.005551;-0.014386;0.021547;-0.002107;-0.019700;-0.005566;-nan;-nan;-nan;-0.056927;0.182416;-0.981572;-0.854741;-0.516967;-0.046502;-0.515923;0.836343;0.185348;

1.005308;-0.014133;0.021560;-0.001234;-0.023923;-0.005343;-nan;-nan;-nan;-0.057101;0.182560;-0.981535;-0.854691;-0.517055;-0.046447;-0.515987;0.836257;0.185557;

1.005796;-0.014148;0.021798;-0.003277;-0.024927;-0.006286;-nan;-nan;-nan;-0.057249;0.182810;-0.981480;-0.854558;-0.517270;-0.046501;-0.516191;0.836069;0.185835;

1.005551;-0.014386;0.021547;-0.004620;-0.023581;-0.006751;-nan;-nan;-nan;-0.057308;0.182985;-0.981444;-0.854369;-0.517572;-0.046610;-0.516497;0.835844;0.185998;

1.005304;-0.013887;0.021087;-0.001470;-0.024055;-0.005812;-nan;-nan;-nan;-0.057453;0.183157;-0.981403;-0.854311;-0.517669;-0.046598;-0.516577;0.835747;0.186215;

1.005548;-0.013657;0.021338;0.001655;-0.022927;-0.006041;-nan;-nan;-nan;-0.057530;0.183258;-0.981380;-0.854389;-0.517545;-0.046558;-0.516440;0.835802;0.186348;

1.005306;-0.014364;0.021307;0.000356;-0.022988;-0.004637;-nan;-nan;-nan;-0.057713;0.183300;-0.981361;-0.854404;-0.517532;-0.046419;-0.516395;0.835800;0.186481;

1.005549;-0.014386;0.021305;-0.005671;-0.021441;-0.004870;-nan;-nan;-nan;-0.057811;0.183245;-0.981366;-0.854161;-0.517935;-0.046394;-0.516785;0.835562;0.186463;

1.005791;-0.014153;0.021314;-0.005029;-0.021624;-0.005808;-nan;-nan;-nan;-0.057850;0.183243;-0.981364;-0.853950;-0.518279;-0.046436;-0.517130;0.835349;0.186463;

1.005306;-0.014382;0.021307;-0.003689;-0.021841;-0.005808;-nan;-nan;-nan;-0.057900;0.183256;-0.981359;-0.853796;-0.518530;-0.046455;-0.517377;0.835191;0.186486;

1.005063;-0.014393;0.021270;-0.001037;-0.022240;-0.006745;-nan;-nan;-nan;-0.057901;0.183336;-0.981344;-0.853762;-0.518582;-0.046509;-0.517434;0.835141;0.186552;

1.005489;-0.013880;0.021772;-0.001903;-0.021392;-0.005804;-nan;-nan;-nan;-0.057927;0.183315;-0.981346;-0.853685;-0.518709;-0.046504;-0.517558;0.835067;0.186541;

